r = [[1.78473553 0.54197668 1.03778777]
 [0.29766395 1.85395024 1.99630924]
 [1.0379     1.53642568 0.23212953]
 [1.0748805  1.6620842  0.39701293]]: 1.4756736813329294e-05
r = [[1.78473553 0.54197668 1.03778777]
 [0.29766395 1.85395024 1.99630924]
 [1.0379     1.53642568 0.23212953]
 [1.0748805  1.6620842  0.39701293]]: 6.368773581146213e-06
r = [[1.78473553 0.54197668 1.03778777]
 [0.29766395 1.85395024 1.99630924]
 [1.0379     1.53642568 0.23212953]
 [1.0748805  1.6620842  0.39701293]]: 4.18066143278598e-06
r = [[1.78473553 0.54197668 1.03778777]
 [0.29766395 1.85395024 1.99630924]
 [1.0379     1.53642568 0.23212953]
 [1.0748805  1.6620842  0.39701293]]: 0.00037012441836330775
r = [[1.78473553 0.54197668 1.03778777]
 [0.29766395 1.85395024 1.99630924]
 [1.0379     1.53642568 0.23212953]
 [1.0748805  1.6620842  0.39701293]]: 0.00019173556471027302
r = [[1.78473553 0.54197668 1.03778777]
 [0.29766395 1.85395024 1.99630924]
 [1.0379     1.53642568 0.23212953]
 [1.0748805  1.6620842  0.39701293]]: 7.348820028190468e-06
r = [[1.78473553 0.54197668 1.03778777]
 [0.29766395 1.85395024 1.99630924]
 [1.0379     1.53642568 0.23212953]
 [1.0748805  1.6620842  0.39701293]]: 0.0004251964959881401
r = [[1.78473553 0.54197668 1.03778777]
 [0.29766395 1.85395024 1.99630924]
 [1.0379     1.53642568 0.23212953]
 [1.0748805  1.6620842  0.39701293]]: 0.00021517980634858498
r = [[1.78473553 0.54197668 1.03778777]
 [0.29766395 1.85395024 1.99630924]
 [1.0379     1.53642568 0.23212953]
 [1.0748805  1.6620842  0.39701293]]: 0.0007864762493617101
r = [[1.78473553 0.54197668 1.03778777]
 [0.29766395 1.85395024 1.99630924]
 [1.0379     1.53642568 0.23212953]
 [1.0748805  1.6620842  0.39701293]]: 4.223867602247212e-05
