r = [[1.38875896 1.18096993 0.32507054]
 [1.72487189 1.14315709 1.88084693]
 [1.5021557  1.26528676 0.99261923]
 [1.48616556 1.96329101 0.29747169]]: 1.1452308724204028e-05
r = [[1.38875896 1.18096993 0.32507054]
 [1.72487189 1.14315709 1.88084693]
 [1.5021557  1.26528676 0.99261923]
 [1.48616556 1.96329101 0.29747169]]: 0.000635572723695077
r = [[1.38875896 1.18096993 0.32507054]
 [1.72487189 1.14315709 1.88084693]
 [1.5021557  1.26528676 0.99261923]
 [1.48616556 1.96329101 0.29747169]]: 0.0006985607854273569
r = [[1.38875896 1.18096993 0.32507054]
 [1.72487189 1.14315709 1.88084693]
 [1.5021557  1.26528676 0.99261923]
 [1.48616556 1.96329101 0.29747169]]: 3.2675282584802646e-05
r = [[1.38875896 1.18096993 0.32507054]
 [1.72487189 1.14315709 1.88084693]
 [1.5021557  1.26528676 0.99261923]
 [1.48616556 1.96329101 0.29747169]]: 0.00027625891172127534
r = [[1.38875896 1.18096993 0.32507054]
 [1.72487189 1.14315709 1.88084693]
 [1.5021557  1.26528676 0.99261923]
 [1.48616556 1.96329101 0.29747169]]: 8.275621231795023e-05
r = [[1.38875896 1.18096993 0.32507054]
 [1.72487189 1.14315709 1.88084693]
 [1.5021557  1.26528676 0.99261923]
 [1.48616556 1.96329101 0.29747169]]: 0.00017296620041763942
r = [[1.38875896 1.18096993 0.32507054]
 [1.72487189 1.14315709 1.88084693]
 [1.5021557  1.26528676 0.99261923]
 [1.48616556 1.96329101 0.29747169]]: 0.00075936825253718
r = [[1.38875896 1.18096993 0.32507054]
 [1.72487189 1.14315709 1.88084693]
 [1.5021557  1.26528676 0.99261923]
 [1.48616556 1.96329101 0.29747169]]: 0.00011385877275772925
r = [[1.38875896 1.18096993 0.32507054]
 [1.72487189 1.14315709 1.88084693]
 [1.5021557  1.26528676 0.99261923]
 [1.48616556 1.96329101 0.29747169]]: 0.00018722419970020252
