r = [[1.65126699 0.61112672 0.34862826]
 [1.83116328 1.13727302 0.98197848]
 [0.85098798 1.81563607 0.11524375]
 [0.85210627 1.57720877 0.82152298]]: 4.11674734225796e-05
r = [[1.65126699 0.61112672 0.34862826]
 [1.83116328 1.13727302 0.98197848]
 [0.85098798 1.81563607 0.11524375]
 [0.85210627 1.57720877 0.82152298]]: 0.00027131454719762715
r = [[1.65126699 0.61112672 0.34862826]
 [1.83116328 1.13727302 0.98197848]
 [0.85098798 1.81563607 0.11524375]
 [0.85210627 1.57720877 0.82152298]]: 6.14424841062698e-06
r = [[1.65126699 0.61112672 0.34862826]
 [1.83116328 1.13727302 0.98197848]
 [0.85098798 1.81563607 0.11524375]
 [0.85210627 1.57720877 0.82152298]]: 0.0006145102317012581
r = [[1.65126699 0.61112672 0.34862826]
 [1.83116328 1.13727302 0.98197848]
 [0.85098798 1.81563607 0.11524375]
 [0.85210627 1.57720877 0.82152298]]: 5.611177389904956e-06
r = [[1.65126699 0.61112672 0.34862826]
 [1.83116328 1.13727302 0.98197848]
 [0.85098798 1.81563607 0.11524375]
 [0.85210627 1.57720877 0.82152298]]: 5.270018820218476e-05
r = [[1.65126699 0.61112672 0.34862826]
 [1.83116328 1.13727302 0.98197848]
 [0.85098798 1.81563607 0.11524375]
 [0.85210627 1.57720877 0.82152298]]: 0.0002644016473953213
r = [[1.65126699 0.61112672 0.34862826]
 [1.83116328 1.13727302 0.98197848]
 [0.85098798 1.81563607 0.11524375]
 [0.85210627 1.57720877 0.82152298]]: 0.0012154245591123722
r = [[1.65126699 0.61112672 0.34862826]
 [1.83116328 1.13727302 0.98197848]
 [0.85098798 1.81563607 0.11524375]
 [0.85210627 1.57720877 0.82152298]]: 9.758246181133603e-05
r = [[1.65126699 0.61112672 0.34862826]
 [1.83116328 1.13727302 0.98197848]
 [0.85098798 1.81563607 0.11524375]
 [0.85210627 1.57720877 0.82152298]]: 9.232076341244724e-06
