r = [[0.05809052 1.5931073  1.25196365]
 [1.89788332 0.07258869 1.76181241]
 [0.47517639 1.07239731 1.13033001]
 [1.49370929 1.12448948 1.76795574]]: 4.31603854979455e-06
r = [[0.05809052 1.5931073  1.25196365]
 [1.89788332 0.07258869 1.76181241]
 [0.47517639 1.07239731 1.13033001]
 [1.49370929 1.12448948 1.76795574]]: 0.000331733027581192
r = [[0.05809052 1.5931073  1.25196365]
 [1.89788332 0.07258869 1.76181241]
 [0.47517639 1.07239731 1.13033001]
 [1.49370929 1.12448948 1.76795574]]: 0.00016458572385350375
r = [[0.05809052 1.5931073  1.25196365]
 [1.89788332 0.07258869 1.76181241]
 [0.47517639 1.07239731 1.13033001]
 [1.49370929 1.12448948 1.76795574]]: 5.4163978282823725e-06
r = [[0.05809052 1.5931073  1.25196365]
 [1.89788332 0.07258869 1.76181241]
 [0.47517639 1.07239731 1.13033001]
 [1.49370929 1.12448948 1.76795574]]: 9.363007796179903e-05
r = [[0.05809052 1.5931073  1.25196365]
 [1.89788332 0.07258869 1.76181241]
 [0.47517639 1.07239731 1.13033001]
 [1.49370929 1.12448948 1.76795574]]: 8.161526394750191e-05
r = [[0.05809052 1.5931073  1.25196365]
 [1.89788332 0.07258869 1.76181241]
 [0.47517639 1.07239731 1.13033001]
 [1.49370929 1.12448948 1.76795574]]: 1.8525408060148557e-05
r = [[0.05809052 1.5931073  1.25196365]
 [1.89788332 0.07258869 1.76181241]
 [0.47517639 1.07239731 1.13033001]
 [1.49370929 1.12448948 1.76795574]]: 2.219305364243545e-06
r = [[0.05809052 1.5931073  1.25196365]
 [1.89788332 0.07258869 1.76181241]
 [0.47517639 1.07239731 1.13033001]
 [1.49370929 1.12448948 1.76795574]]: 0.001122934787417762
r = [[0.05809052 1.5931073  1.25196365]
 [1.89788332 0.07258869 1.76181241]
 [0.47517639 1.07239731 1.13033001]
 [1.49370929 1.12448948 1.76795574]]: 0.0001703991682526456
