r = [[ 14.5878294   -6.91615664   4.42562539]
 [ -0.95525541 -10.63976282   5.30708941]
 [-10.09294291   5.7587526   13.43113371]
 [ 13.10453516  -6.29549656   1.3802115 ]]: 0.0022681066433766057
r = [[ 14.5878294   -6.91615664   4.42562539]
 [ -0.95525541 -10.63976282   5.30708941]
 [-10.09294291   5.7587526   13.43113371]
 [ 13.10453516  -6.29549656   1.3802115 ]]: 0.06842836165534598
r = [[ 14.5878294   -6.91615664   4.42562539]
 [ -0.95525541 -10.63976282   5.30708941]
 [-10.09294291   5.7587526   13.43113371]
 [ 13.10453516  -6.29549656   1.3802115 ]]: 5.051146555550596e-05
r = [[ 14.5878294   -6.91615664   4.42562539]
 [ -0.95525541 -10.63976282   5.30708941]
 [-10.09294291   5.7587526   13.43113371]
 [ 13.10453516  -6.29549656   1.3802115 ]]: 0.06592424007664834
r = [[ 14.5878294   -6.91615664   4.42562539]
 [ -0.95525541 -10.63976282   5.30708941]
 [-10.09294291   5.7587526   13.43113371]
 [ 13.10453516  -6.29549656   1.3802115 ]]: 0.006607882387470454
r = [[ 14.5878294   -6.91615664   4.42562539]
 [ -0.95525541 -10.63976282   5.30708941]
 [-10.09294291   5.7587526   13.43113371]
 [ 13.10453516  -6.29549656   1.3802115 ]]: 0.03964940644800663
r = [[ 14.5878294   -6.91615664   4.42562539]
 [ -0.95525541 -10.63976282   5.30708941]
 [-10.09294291   5.7587526   13.43113371]
 [ 13.10453516  -6.29549656   1.3802115 ]]: 0.030748016200959682
r = [[ 14.5878294   -6.91615664   4.42562539]
 [ -0.95525541 -10.63976282   5.30708941]
 [-10.09294291   5.7587526   13.43113371]
 [ 13.10453516  -6.29549656   1.3802115 ]]: 0.00493679621389934
r = [[ 14.5878294   -6.91615664   4.42562539]
 [ -0.95525541 -10.63976282   5.30708941]
 [-10.09294291   5.7587526   13.43113371]
 [ 13.10453516  -6.29549656   1.3802115 ]]: 0.08201394057167428
r = [[ 14.5878294   -6.91615664   4.42562539]
 [ -0.95525541 -10.63976282   5.30708941]
 [-10.09294291   5.7587526   13.43113371]
 [ 13.10453516  -6.29549656   1.3802115 ]]: 0.0989285587732281
