r = [[  6.0116508    3.81579123   2.70072251]
 [-12.60568994  -0.07666671   9.50833128]
 [  1.54899003   2.20272359   2.42130544]
 [  6.68550443  -8.21062565  10.99588337]]: 0.011709756883127349
r = [[  6.0116508    3.81579123   2.70072251]
 [-12.60568994  -0.07666671   9.50833128]
 [  1.54899003   2.20272359   2.42130544]
 [  6.68550443  -8.21062565  10.99588337]]: 0.0012419098056852818
r = [[  6.0116508    3.81579123   2.70072251]
 [-12.60568994  -0.07666671   9.50833128]
 [  1.54899003   2.20272359   2.42130544]
 [  6.68550443  -8.21062565  10.99588337]]: 0.0006692803248630039
r = [[  6.0116508    3.81579123   2.70072251]
 [-12.60568994  -0.07666671   9.50833128]
 [  1.54899003   2.20272359   2.42130544]
 [  6.68550443  -8.21062565  10.99588337]]: 0.07199452664437038
r = [[  6.0116508    3.81579123   2.70072251]
 [-12.60568994  -0.07666671   9.50833128]
 [  1.54899003   2.20272359   2.42130544]
 [  6.68550443  -8.21062565  10.99588337]]: 0.021458926244771907
r = [[  6.0116508    3.81579123   2.70072251]
 [-12.60568994  -0.07666671   9.50833128]
 [  1.54899003   2.20272359   2.42130544]
 [  6.68550443  -8.21062565  10.99588337]]: 0.000831774718660329
r = [[  6.0116508    3.81579123   2.70072251]
 [-12.60568994  -0.07666671   9.50833128]
 [  1.54899003   2.20272359   2.42130544]
 [  6.68550443  -8.21062565  10.99588337]]: 0.017887008509465625
r = [[  6.0116508    3.81579123   2.70072251]
 [-12.60568994  -0.07666671   9.50833128]
 [  1.54899003   2.20272359   2.42130544]
 [  6.68550443  -8.21062565  10.99588337]]: 0.003262150700071028
r = [[  6.0116508    3.81579123   2.70072251]
 [-12.60568994  -0.07666671   9.50833128]
 [  1.54899003   2.20272359   2.42130544]
 [  6.68550443  -8.21062565  10.99588337]]: 0.016028625890612602
r = [[  6.0116508    3.81579123   2.70072251]
 [-12.60568994  -0.07666671   9.50833128]
 [  1.54899003   2.20272359   2.42130544]
 [  6.68550443  -8.21062565  10.99588337]]: 0.002110049677347498
