r = [[ -6.54598584   0.02510779   0.80588166]
 [ -1.11212455   3.91220352  -4.97599401]
 [-10.78787014   5.22786033  15.74613495]
 [  9.16291938  -0.25036817   0.15307987]]: 0.010188550538649517
r = [[ -6.54598584   0.02510779   0.80588166]
 [ -1.11212455   3.91220352  -4.97599401]
 [-10.78787014   5.22786033  15.74613495]
 [  9.16291938  -0.25036817   0.15307987]]: 0.0008493087869802756
r = [[ -6.54598584   0.02510779   0.80588166]
 [ -1.11212455   3.91220352  -4.97599401]
 [-10.78787014   5.22786033  15.74613495]
 [  9.16291938  -0.25036817   0.15307987]]: 0.00010703816951718181
r = [[ -6.54598584   0.02510779   0.80588166]
 [ -1.11212455   3.91220352  -4.97599401]
 [-10.78787014   5.22786033  15.74613495]
 [  9.16291938  -0.25036817   0.15307987]]: 0.024926726273926243
r = [[ -6.54598584   0.02510779   0.80588166]
 [ -1.11212455   3.91220352  -4.97599401]
 [-10.78787014   5.22786033  15.74613495]
 [  9.16291938  -0.25036817   0.15307987]]: 0.0016347139774422561
r = [[ -6.54598584   0.02510779   0.80588166]
 [ -1.11212455   3.91220352  -4.97599401]
 [-10.78787014   5.22786033  15.74613495]
 [  9.16291938  -0.25036817   0.15307987]]: 0.11927117460540362
r = [[ -6.54598584   0.02510779   0.80588166]
 [ -1.11212455   3.91220352  -4.97599401]
 [-10.78787014   5.22786033  15.74613495]
 [  9.16291938  -0.25036817   0.15307987]]: 0.03121731643165861
r = [[ -6.54598584   0.02510779   0.80588166]
 [ -1.11212455   3.91220352  -4.97599401]
 [-10.78787014   5.22786033  15.74613495]
 [  9.16291938  -0.25036817   0.15307987]]: 0.09726955036499671
r = [[ -6.54598584   0.02510779   0.80588166]
 [ -1.11212455   3.91220352  -4.97599401]
 [-10.78787014   5.22786033  15.74613495]
 [  9.16291938  -0.25036817   0.15307987]]: 0.17891583977533237
r = [[ -6.54598584   0.02510779   0.80588166]
 [ -1.11212455   3.91220352  -4.97599401]
 [-10.78787014   5.22786033  15.74613495]
 [  9.16291938  -0.25036817   0.15307987]]: 0.0006250370892563037
