r = [[  4.18765935  17.95793433  -4.57456142]
 [  0.17492345  -3.39259284 -14.51349288]
 [  6.12177562  -0.44164608   0.9367829 ]
 [ -0.24054511   3.66623029  -0.88230078]]: 0.019981665120992278
r = [[  4.18765935  17.95793433  -4.57456142]
 [  0.17492345  -3.39259284 -14.51349288]
 [  6.12177562  -0.44164608   0.9367829 ]
 [ -0.24054511   3.66623029  -0.88230078]]: 0.0012071503359558327
r = [[  4.18765935  17.95793433  -4.57456142]
 [  0.17492345  -3.39259284 -14.51349288]
 [  6.12177562  -0.44164608   0.9367829 ]
 [ -0.24054511   3.66623029  -0.88230078]]: 0.06028893696410315
r = [[  4.18765935  17.95793433  -4.57456142]
 [  0.17492345  -3.39259284 -14.51349288]
 [  6.12177562  -0.44164608   0.9367829 ]
 [ -0.24054511   3.66623029  -0.88230078]]: 0.12352541953857456
r = [[  4.18765935  17.95793433  -4.57456142]
 [  0.17492345  -3.39259284 -14.51349288]
 [  6.12177562  -0.44164608   0.9367829 ]
 [ -0.24054511   3.66623029  -0.88230078]]: 0.006200714286283723
r = [[  4.18765935  17.95793433  -4.57456142]
 [  0.17492345  -3.39259284 -14.51349288]
 [  6.12177562  -0.44164608   0.9367829 ]
 [ -0.24054511   3.66623029  -0.88230078]]: 0.009906894859990903
r = [[  4.18765935  17.95793433  -4.57456142]
 [  0.17492345  -3.39259284 -14.51349288]
 [  6.12177562  -0.44164608   0.9367829 ]
 [ -0.24054511   3.66623029  -0.88230078]]: 0.0022647635113181813
r = [[  4.18765935  17.95793433  -4.57456142]
 [  0.17492345  -3.39259284 -14.51349288]
 [  6.12177562  -0.44164608   0.9367829 ]
 [ -0.24054511   3.66623029  -0.88230078]]: 0.0865937541904194
r = [[  4.18765935  17.95793433  -4.57456142]
 [  0.17492345  -3.39259284 -14.51349288]
 [  6.12177562  -0.44164608   0.9367829 ]
 [ -0.24054511   3.66623029  -0.88230078]]: 0.02743919928824263
r = [[  4.18765935  17.95793433  -4.57456142]
 [  0.17492345  -3.39259284 -14.51349288]
 [  6.12177562  -0.44164608   0.9367829 ]
 [ -0.24054511   3.66623029  -0.88230078]]: 0.012563741765916348
