r = [[ 5.69353658  8.99586685 -9.75835582]
 [14.58392153  2.85512851 -5.37573134]
 [ 0.53060738 10.84441768  4.08104071]
 [ 2.41206278 -3.02350652  9.6207681 ]]: 0.000326274659268425
r = [[ 5.69353658  8.99586685 -9.75835582]
 [14.58392153  2.85512851 -5.37573134]
 [ 0.53060738 10.84441768  4.08104071]
 [ 2.41206278 -3.02350652  9.6207681 ]]: 0.0004409029456188104
r = [[ 5.69353658  8.99586685 -9.75835582]
 [14.58392153  2.85512851 -5.37573134]
 [ 0.53060738 10.84441768  4.08104071]
 [ 2.41206278 -3.02350652  9.6207681 ]]: 0.002203140183285411
r = [[ 5.69353658  8.99586685 -9.75835582]
 [14.58392153  2.85512851 -5.37573134]
 [ 0.53060738 10.84441768  4.08104071]
 [ 2.41206278 -3.02350652  9.6207681 ]]: 0.023180259258619378
r = [[ 5.69353658  8.99586685 -9.75835582]
 [14.58392153  2.85512851 -5.37573134]
 [ 0.53060738 10.84441768  4.08104071]
 [ 2.41206278 -3.02350652  9.6207681 ]]: 0.021576601014073406
r = [[ 5.69353658  8.99586685 -9.75835582]
 [14.58392153  2.85512851 -5.37573134]
 [ 0.53060738 10.84441768  4.08104071]
 [ 2.41206278 -3.02350652  9.6207681 ]]: 0.010242402703235192
r = [[ 5.69353658  8.99586685 -9.75835582]
 [14.58392153  2.85512851 -5.37573134]
 [ 0.53060738 10.84441768  4.08104071]
 [ 2.41206278 -3.02350652  9.6207681 ]]: 0.14180860216064112
r = [[ 5.69353658  8.99586685 -9.75835582]
 [14.58392153  2.85512851 -5.37573134]
 [ 0.53060738 10.84441768  4.08104071]
 [ 2.41206278 -3.02350652  9.6207681 ]]: 0.0606482754062329
r = [[ 5.69353658  8.99586685 -9.75835582]
 [14.58392153  2.85512851 -5.37573134]
 [ 0.53060738 10.84441768  4.08104071]
 [ 2.41206278 -3.02350652  9.6207681 ]]: 0.004156918813740569
r = [[ 5.69353658  8.99586685 -9.75835582]
 [14.58392153  2.85512851 -5.37573134]
 [ 0.53060738 10.84441768  4.08104071]
 [ 2.41206278 -3.02350652  9.6207681 ]]: 0.0033257732034793924
