r = [[12.15086192 10.25793198 -5.75781574]
 [-2.97011575 10.12097189  1.33856433]
 [ 5.77974424 -3.70142239 10.85993706]
 [-4.11044533  9.16455838  5.0432554 ]]: 0.00013497825836696262
r = [[12.15086192 10.25793198 -5.75781574]
 [-2.97011575 10.12097189  1.33856433]
 [ 5.77974424 -3.70142239 10.85993706]
 [-4.11044533  9.16455838  5.0432554 ]]: 0.010011025005951524
r = [[12.15086192 10.25793198 -5.75781574]
 [-2.97011575 10.12097189  1.33856433]
 [ 5.77974424 -3.70142239 10.85993706]
 [-4.11044533  9.16455838  5.0432554 ]]: 0.11890248209238052
r = [[12.15086192 10.25793198 -5.75781574]
 [-2.97011575 10.12097189  1.33856433]
 [ 5.77974424 -3.70142239 10.85993706]
 [-4.11044533  9.16455838  5.0432554 ]]: 0.002367357473953494
r = [[12.15086192 10.25793198 -5.75781574]
 [-2.97011575 10.12097189  1.33856433]
 [ 5.77974424 -3.70142239 10.85993706]
 [-4.11044533  9.16455838  5.0432554 ]]: 0.00857704265841416
r = [[12.15086192 10.25793198 -5.75781574]
 [-2.97011575 10.12097189  1.33856433]
 [ 5.77974424 -3.70142239 10.85993706]
 [-4.11044533  9.16455838  5.0432554 ]]: 0.017609664904219762
r = [[12.15086192 10.25793198 -5.75781574]
 [-2.97011575 10.12097189  1.33856433]
 [ 5.77974424 -3.70142239 10.85993706]
 [-4.11044533  9.16455838  5.0432554 ]]: 0.09353746766490596
r = [[12.15086192 10.25793198 -5.75781574]
 [-2.97011575 10.12097189  1.33856433]
 [ 5.77974424 -3.70142239 10.85993706]
 [-4.11044533  9.16455838  5.0432554 ]]: 0.011841741357264774
r = [[12.15086192 10.25793198 -5.75781574]
 [-2.97011575 10.12097189  1.33856433]
 [ 5.77974424 -3.70142239 10.85993706]
 [-4.11044533  9.16455838  5.0432554 ]]: 0.06601189140097372
r = [[12.15086192 10.25793198 -5.75781574]
 [-2.97011575 10.12097189  1.33856433]
 [ 5.77974424 -3.70142239 10.85993706]
 [-4.11044533  9.16455838  5.0432554 ]]: 0.0024002334269295844
