r = [[1.18040397 1.87707605 1.34479599]
 [0.54947264 1.07883445 0.12106094]
 [0.82049952 0.52151437 0.34924883]
 [0.05104083 1.71863616 1.45062485]]: 6.35414234498707e-05
r = [[1.18040397 1.87707605 1.34479599]
 [0.54947264 1.07883445 0.12106094]
 [0.82049952 0.52151437 0.34924883]
 [0.05104083 1.71863616 1.45062485]]: 3.923941156764548e-06
r = [[1.18040397 1.87707605 1.34479599]
 [0.54947264 1.07883445 0.12106094]
 [0.82049952 0.52151437 0.34924883]
 [0.05104083 1.71863616 1.45062485]]: 1.3336851095248546e-06
r = [[1.18040397 1.87707605 1.34479599]
 [0.54947264 1.07883445 0.12106094]
 [0.82049952 0.52151437 0.34924883]
 [0.05104083 1.71863616 1.45062485]]: 0.0004226644211615037
r = [[1.18040397 1.87707605 1.34479599]
 [0.54947264 1.07883445 0.12106094]
 [0.82049952 0.52151437 0.34924883]
 [0.05104083 1.71863616 1.45062485]]: 2.993481809556085e-05
r = [[1.18040397 1.87707605 1.34479599]
 [0.54947264 1.07883445 0.12106094]
 [0.82049952 0.52151437 0.34924883]
 [0.05104083 1.71863616 1.45062485]]: 1.454503678490125e-05
r = [[1.18040397 1.87707605 1.34479599]
 [0.54947264 1.07883445 0.12106094]
 [0.82049952 0.52151437 0.34924883]
 [0.05104083 1.71863616 1.45062485]]: 2.3334539491770556e-06
r = [[1.18040397 1.87707605 1.34479599]
 [0.54947264 1.07883445 0.12106094]
 [0.82049952 0.52151437 0.34924883]
 [0.05104083 1.71863616 1.45062485]]: 0.0005386754117872832
r = [[1.18040397 1.87707605 1.34479599]
 [0.54947264 1.07883445 0.12106094]
 [0.82049952 0.52151437 0.34924883]
 [0.05104083 1.71863616 1.45062485]]: 1.7028253133893095e-06
r = [[1.18040397 1.87707605 1.34479599]
 [0.54947264 1.07883445 0.12106094]
 [0.82049952 0.52151437 0.34924883]
 [0.05104083 1.71863616 1.45062485]]: 3.5927512109472966e-06
