r = [[0.67125544 0.94718359 0.38994645]
 [0.54248342 0.93964813 1.06482008]
 [1.2892503  0.6543989  1.93826136]
 [1.45033981 0.87961767 0.50141041]]: 0.00039327802369371057
r = [[0.67125544 0.94718359 0.38994645]
 [0.54248342 0.93964813 1.06482008]
 [1.2892503  0.6543989  1.93826136]
 [1.45033981 0.87961767 0.50141041]]: 1.0285830610103273e-05
r = [[0.67125544 0.94718359 0.38994645]
 [0.54248342 0.93964813 1.06482008]
 [1.2892503  0.6543989  1.93826136]
 [1.45033981 0.87961767 0.50141041]]: 1.6132898183838862e-05
r = [[0.67125544 0.94718359 0.38994645]
 [0.54248342 0.93964813 1.06482008]
 [1.2892503  0.6543989  1.93826136]
 [1.45033981 0.87961767 0.50141041]]: 0.0005365188652441637
r = [[0.67125544 0.94718359 0.38994645]
 [0.54248342 0.93964813 1.06482008]
 [1.2892503  0.6543989  1.93826136]
 [1.45033981 0.87961767 0.50141041]]: 5.3172301704762504e-05
r = [[0.67125544 0.94718359 0.38994645]
 [0.54248342 0.93964813 1.06482008]
 [1.2892503  0.6543989  1.93826136]
 [1.45033981 0.87961767 0.50141041]]: 0.00017811536287938776
r = [[0.67125544 0.94718359 0.38994645]
 [0.54248342 0.93964813 1.06482008]
 [1.2892503  0.6543989  1.93826136]
 [1.45033981 0.87961767 0.50141041]]: 0.0003691753642799865
r = [[0.67125544 0.94718359 0.38994645]
 [0.54248342 0.93964813 1.06482008]
 [1.2892503  0.6543989  1.93826136]
 [1.45033981 0.87961767 0.50141041]]: 6.0087092476481174e-05
r = [[0.67125544 0.94718359 0.38994645]
 [0.54248342 0.93964813 1.06482008]
 [1.2892503  0.6543989  1.93826136]
 [1.45033981 0.87961767 0.50141041]]: 6.847729543681323e-05
r = [[0.67125544 0.94718359 0.38994645]
 [0.54248342 0.93964813 1.06482008]
 [1.2892503  0.6543989  1.93826136]
 [1.45033981 0.87961767 0.50141041]]: 0.00017037167864535668
