r = [[ 8.6779341  -2.02232601  3.20329153]
 [-6.69237968 10.340463   -7.81167868]
 [ 1.37155287  3.20855091  2.57058351]
 [ 5.90337758 -5.94247387  1.01186613]]: 0.0005541356388545994
r = [[ 8.6779341  -2.02232601  3.20329153]
 [-6.69237968 10.340463   -7.81167868]
 [ 1.37155287  3.20855091  2.57058351]
 [ 5.90337758 -5.94247387  1.01186613]]: 0.038970202673226595
r = [[ 8.6779341  -2.02232601  3.20329153]
 [-6.69237968 10.340463   -7.81167868]
 [ 1.37155287  3.20855091  2.57058351]
 [ 5.90337758 -5.94247387  1.01186613]]: 0.03157812549865672
r = [[ 8.6779341  -2.02232601  3.20329153]
 [-6.69237968 10.340463   -7.81167868]
 [ 1.37155287  3.20855091  2.57058351]
 [ 5.90337758 -5.94247387  1.01186613]]: 0.17012816587729113
r = [[ 8.6779341  -2.02232601  3.20329153]
 [-6.69237968 10.340463   -7.81167868]
 [ 1.37155287  3.20855091  2.57058351]
 [ 5.90337758 -5.94247387  1.01186613]]: 0.004740995604411832
r = [[ 8.6779341  -2.02232601  3.20329153]
 [-6.69237968 10.340463   -7.81167868]
 [ 1.37155287  3.20855091  2.57058351]
 [ 5.90337758 -5.94247387  1.01186613]]: 0.0019096618717802422
r = [[ 8.6779341  -2.02232601  3.20329153]
 [-6.69237968 10.340463   -7.81167868]
 [ 1.37155287  3.20855091  2.57058351]
 [ 5.90337758 -5.94247387  1.01186613]]: 0.01951387930395348
r = [[ 8.6779341  -2.02232601  3.20329153]
 [-6.69237968 10.340463   -7.81167868]
 [ 1.37155287  3.20855091  2.57058351]
 [ 5.90337758 -5.94247387  1.01186613]]: 0.06905391971979823
r = [[ 8.6779341  -2.02232601  3.20329153]
 [-6.69237968 10.340463   -7.81167868]
 [ 1.37155287  3.20855091  2.57058351]
 [ 5.90337758 -5.94247387  1.01186613]]: 0.0007526960980612785
r = [[ 8.6779341  -2.02232601  3.20329153]
 [-6.69237968 10.340463   -7.81167868]
 [ 1.37155287  3.20855091  2.57058351]
 [ 5.90337758 -5.94247387  1.01186613]]: 0.0007647904650574284
