r = [[-8.56251344 -1.16049722 -0.48076473]
 [ 2.62668882 -8.74841813 -2.44509097]
 [-3.10224045  3.79304972  9.98827213]
 [-7.70993697  6.01934244 -2.15799427]]: 0.006368142419627735
r = [[-8.56251344 -1.16049722 -0.48076473]
 [ 2.62668882 -8.74841813 -2.44509097]
 [-3.10224045  3.79304972  9.98827213]
 [-7.70993697  6.01934244 -2.15799427]]: 0.009376257225604994
r = [[-8.56251344 -1.16049722 -0.48076473]
 [ 2.62668882 -8.74841813 -2.44509097]
 [-3.10224045  3.79304972  9.98827213]
 [-7.70993697  6.01934244 -2.15799427]]: 0.017981133623314754
r = [[-8.56251344 -1.16049722 -0.48076473]
 [ 2.62668882 -8.74841813 -2.44509097]
 [-3.10224045  3.79304972  9.98827213]
 [-7.70993697  6.01934244 -2.15799427]]: 0.00016377458398762559
r = [[-8.56251344 -1.16049722 -0.48076473]
 [ 2.62668882 -8.74841813 -2.44509097]
 [-3.10224045  3.79304972  9.98827213]
 [-7.70993697  6.01934244 -2.15799427]]: 0.02174331766686269
r = [[-8.56251344 -1.16049722 -0.48076473]
 [ 2.62668882 -8.74841813 -2.44509097]
 [-3.10224045  3.79304972  9.98827213]
 [-7.70993697  6.01934244 -2.15799427]]: 0.09163572785577603
r = [[-8.56251344 -1.16049722 -0.48076473]
 [ 2.62668882 -8.74841813 -2.44509097]
 [-3.10224045  3.79304972  9.98827213]
 [-7.70993697  6.01934244 -2.15799427]]: 0.0826799471729568
r = [[-8.56251344 -1.16049722 -0.48076473]
 [ 2.62668882 -8.74841813 -2.44509097]
 [-3.10224045  3.79304972  9.98827213]
 [-7.70993697  6.01934244 -2.15799427]]: 0.06404636045252639
r = [[-8.56251344 -1.16049722 -0.48076473]
 [ 2.62668882 -8.74841813 -2.44509097]
 [-3.10224045  3.79304972  9.98827213]
 [-7.70993697  6.01934244 -2.15799427]]: 0.08901467945958887
r = [[-8.56251344 -1.16049722 -0.48076473]
 [ 2.62668882 -8.74841813 -2.44509097]
 [-3.10224045  3.79304972  9.98827213]
 [-7.70993697  6.01934244 -2.15799427]]: 0.007496999909303018
