r = [[ 4.85595167  0.84336528 -7.96779625]
 [-3.96229764 -6.0195991  -7.28602794]
 [-7.06918417 11.9764042  -6.40984357]
 [-3.60061454  4.2059896  12.29607354]]: 0.009787372745839613
r = [[ 4.85595167  0.84336528 -7.96779625]
 [-3.96229764 -6.0195991  -7.28602794]
 [-7.06918417 11.9764042  -6.40984357]
 [-3.60061454  4.2059896  12.29607354]]: 0.00047672897510762723
r = [[ 4.85595167  0.84336528 -7.96779625]
 [-3.96229764 -6.0195991  -7.28602794]
 [-7.06918417 11.9764042  -6.40984357]
 [-3.60061454  4.2059896  12.29607354]]: 0.17345903600965226
r = [[ 4.85595167  0.84336528 -7.96779625]
 [-3.96229764 -6.0195991  -7.28602794]
 [-7.06918417 11.9764042  -6.40984357]
 [-3.60061454  4.2059896  12.29607354]]: 0.006375853737284031
r = [[ 4.85595167  0.84336528 -7.96779625]
 [-3.96229764 -6.0195991  -7.28602794]
 [-7.06918417 11.9764042  -6.40984357]
 [-3.60061454  4.2059896  12.29607354]]: 0.001108817307145468
r = [[ 4.85595167  0.84336528 -7.96779625]
 [-3.96229764 -6.0195991  -7.28602794]
 [-7.06918417 11.9764042  -6.40984357]
 [-3.60061454  4.2059896  12.29607354]]: 0.01117609946855477
r = [[ 4.85595167  0.84336528 -7.96779625]
 [-3.96229764 -6.0195991  -7.28602794]
 [-7.06918417 11.9764042  -6.40984357]
 [-3.60061454  4.2059896  12.29607354]]: 0.06441302624131952
r = [[ 4.85595167  0.84336528 -7.96779625]
 [-3.96229764 -6.0195991  -7.28602794]
 [-7.06918417 11.9764042  -6.40984357]
 [-3.60061454  4.2059896  12.29607354]]: 0.0003070020299803998
r = [[ 4.85595167  0.84336528 -7.96779625]
 [-3.96229764 -6.0195991  -7.28602794]
 [-7.06918417 11.9764042  -6.40984357]
 [-3.60061454  4.2059896  12.29607354]]: 0.0004397057553952826
r = [[ 4.85595167  0.84336528 -7.96779625]
 [-3.96229764 -6.0195991  -7.28602794]
 [-7.06918417 11.9764042  -6.40984357]
 [-3.60061454  4.2059896  12.29607354]]: 0.05973163473286799
