r = [[0.71689182 0.16009938 1.24178511]
 [1.44478546 0.98390484 1.35330975]
 [0.37095728 0.93818746 1.92462218]
 [1.35732702 0.31775953 0.21636165]]: 6.905856870227061e-06
r = [[0.71689182 0.16009938 1.24178511]
 [1.44478546 0.98390484 1.35330975]
 [0.37095728 0.93818746 1.92462218]
 [1.35732702 0.31775953 0.21636165]]: 5.558645787979393e-06
r = [[0.71689182 0.16009938 1.24178511]
 [1.44478546 0.98390484 1.35330975]
 [0.37095728 0.93818746 1.92462218]
 [1.35732702 0.31775953 0.21636165]]: 5.014251538731125e-05
r = [[0.71689182 0.16009938 1.24178511]
 [1.44478546 0.98390484 1.35330975]
 [0.37095728 0.93818746 1.92462218]
 [1.35732702 0.31775953 0.21636165]]: 6.293366563373379e-05
r = [[0.71689182 0.16009938 1.24178511]
 [1.44478546 0.98390484 1.35330975]
 [0.37095728 0.93818746 1.92462218]
 [1.35732702 0.31775953 0.21636165]]: 1.1273416021140292e-05
r = [[0.71689182 0.16009938 1.24178511]
 [1.44478546 0.98390484 1.35330975]
 [0.37095728 0.93818746 1.92462218]
 [1.35732702 0.31775953 0.21636165]]: 1.8330742445219324e-06
r = [[0.71689182 0.16009938 1.24178511]
 [1.44478546 0.98390484 1.35330975]
 [0.37095728 0.93818746 1.92462218]
 [1.35732702 0.31775953 0.21636165]]: 0.0002513522860161694
r = [[0.71689182 0.16009938 1.24178511]
 [1.44478546 0.98390484 1.35330975]
 [0.37095728 0.93818746 1.92462218]
 [1.35732702 0.31775953 0.21636165]]: 9.87238781817723e-05
r = [[0.71689182 0.16009938 1.24178511]
 [1.44478546 0.98390484 1.35330975]
 [0.37095728 0.93818746 1.92462218]
 [1.35732702 0.31775953 0.21636165]]: 0.00018430228166315437
r = [[0.71689182 0.16009938 1.24178511]
 [1.44478546 0.98390484 1.35330975]
 [0.37095728 0.93818746 1.92462218]
 [1.35732702 0.31775953 0.21636165]]: 0.000209560727983314
