r = [[0.14542322 1.43501557 0.48679162]
 [1.98319868 0.15507044 1.62353201]
 [0.06153462 0.96365381 0.48138826]
 [0.31852539 0.46887826 1.10974831]]: 0.0002927601321321812
r = [[0.14542322 1.43501557 0.48679162]
 [1.98319868 0.15507044 1.62353201]
 [0.06153462 0.96365381 0.48138826]
 [0.31852539 0.46887826 1.10974831]]: 1.4250592942387033e-05
r = [[0.14542322 1.43501557 0.48679162]
 [1.98319868 0.15507044 1.62353201]
 [0.06153462 0.96365381 0.48138826]
 [0.31852539 0.46887826 1.10974831]]: 0.0005190256030930739
r = [[0.14542322 1.43501557 0.48679162]
 [1.98319868 0.15507044 1.62353201]
 [0.06153462 0.96365381 0.48138826]
 [0.31852539 0.46887826 1.10974831]]: 2.3114133909984957e-05
r = [[0.14542322 1.43501557 0.48679162]
 [1.98319868 0.15507044 1.62353201]
 [0.06153462 0.96365381 0.48138826]
 [0.31852539 0.46887826 1.10974831]]: 4.359502489543436e-06
r = [[0.14542322 1.43501557 0.48679162]
 [1.98319868 0.15507044 1.62353201]
 [0.06153462 0.96365381 0.48138826]
 [0.31852539 0.46887826 1.10974831]]: 4.360815962302565e-06
r = [[0.14542322 1.43501557 0.48679162]
 [1.98319868 0.15507044 1.62353201]
 [0.06153462 0.96365381 0.48138826]
 [0.31852539 0.46887826 1.10974831]]: 4.461747786470889e-06
r = [[0.14542322 1.43501557 0.48679162]
 [1.98319868 0.15507044 1.62353201]
 [0.06153462 0.96365381 0.48138826]
 [0.31852539 0.46887826 1.10974831]]: 6.147991306144311e-06
r = [[0.14542322 1.43501557 0.48679162]
 [1.98319868 0.15507044 1.62353201]
 [0.06153462 0.96365381 0.48138826]
 [0.31852539 0.46887826 1.10974831]]: 0.0002685662501400137
r = [[0.14542322 1.43501557 0.48679162]
 [1.98319868 0.15507044 1.62353201]
 [0.06153462 0.96365381 0.48138826]
 [0.31852539 0.46887826 1.10974831]]: 1.7238401466914054e-05
