r = [[1.64237461 1.91660384 0.98720483]
 [1.14700698 0.52739869 1.7119972 ]
 [1.96355759 1.34848275 1.61944422]
 [1.91573241 1.65862607 0.70827767]]: 0.0001427619442568227
r = [[1.64237461 1.91660384 0.98720483]
 [1.14700698 0.52739869 1.7119972 ]
 [1.96355759 1.34848275 1.61944422]
 [1.91573241 1.65862607 0.70827767]]: 0.0014503512502415106
r = [[1.64237461 1.91660384 0.98720483]
 [1.14700698 0.52739869 1.7119972 ]
 [1.96355759 1.34848275 1.61944422]
 [1.91573241 1.65862607 0.70827767]]: 0.00039200631311229827
r = [[1.64237461 1.91660384 0.98720483]
 [1.14700698 0.52739869 1.7119972 ]
 [1.96355759 1.34848275 1.61944422]
 [1.91573241 1.65862607 0.70827767]]: 2.666573930452744e-05
r = [[1.64237461 1.91660384 0.98720483]
 [1.14700698 0.52739869 1.7119972 ]
 [1.96355759 1.34848275 1.61944422]
 [1.91573241 1.65862607 0.70827767]]: 9.801239242993429e-05
r = [[1.64237461 1.91660384 0.98720483]
 [1.14700698 0.52739869 1.7119972 ]
 [1.96355759 1.34848275 1.61944422]
 [1.91573241 1.65862607 0.70827767]]: 0.0005306735796953685
r = [[1.64237461 1.91660384 0.98720483]
 [1.14700698 0.52739869 1.7119972 ]
 [1.96355759 1.34848275 1.61944422]
 [1.91573241 1.65862607 0.70827767]]: 1.902599592540355e-06
r = [[1.64237461 1.91660384 0.98720483]
 [1.14700698 0.52739869 1.7119972 ]
 [1.96355759 1.34848275 1.61944422]
 [1.91573241 1.65862607 0.70827767]]: 7.499769604432263e-05
r = [[1.64237461 1.91660384 0.98720483]
 [1.14700698 0.52739869 1.7119972 ]
 [1.96355759 1.34848275 1.61944422]
 [1.91573241 1.65862607 0.70827767]]: 0.00018428812940588353
r = [[1.64237461 1.91660384 0.98720483]
 [1.14700698 0.52739869 1.7119972 ]
 [1.96355759 1.34848275 1.61944422]
 [1.91573241 1.65862607 0.70827767]]: 1.0192244125002098e-05
