r = [[  0.79023883   4.75857108  10.01260629]
 [  2.52383418  -4.37080221 -17.11333203]
 [ -1.49173808   0.63691134   9.58558984]
 [ -0.4118165   -0.74363664  -3.80054553]]: 0.007874803334873701
r = [[  0.79023883   4.75857108  10.01260629]
 [  2.52383418  -4.37080221 -17.11333203]
 [ -1.49173808   0.63691134   9.58558984]
 [ -0.4118165   -0.74363664  -3.80054553]]: 0.021944693688835417
r = [[  0.79023883   4.75857108  10.01260629]
 [  2.52383418  -4.37080221 -17.11333203]
 [ -1.49173808   0.63691134   9.58558984]
 [ -0.4118165   -0.74363664  -3.80054553]]: 0.01703934694108154
r = [[  0.79023883   4.75857108  10.01260629]
 [  2.52383418  -4.37080221 -17.11333203]
 [ -1.49173808   0.63691134   9.58558984]
 [ -0.4118165   -0.74363664  -3.80054553]]: 0.0024292258271348794
r = [[  0.79023883   4.75857108  10.01260629]
 [  2.52383418  -4.37080221 -17.11333203]
 [ -1.49173808   0.63691134   9.58558984]
 [ -0.4118165   -0.74363664  -3.80054553]]: 0.03270448411681822
r = [[  0.79023883   4.75857108  10.01260629]
 [  2.52383418  -4.37080221 -17.11333203]
 [ -1.49173808   0.63691134   9.58558984]
 [ -0.4118165   -0.74363664  -3.80054553]]: 0.001053149371208357
r = [[  0.79023883   4.75857108  10.01260629]
 [  2.52383418  -4.37080221 -17.11333203]
 [ -1.49173808   0.63691134   9.58558984]
 [ -0.4118165   -0.74363664  -3.80054553]]: 0.001273792253674141
r = [[  0.79023883   4.75857108  10.01260629]
 [  2.52383418  -4.37080221 -17.11333203]
 [ -1.49173808   0.63691134   9.58558984]
 [ -0.4118165   -0.74363664  -3.80054553]]: 0.0036086350113951732
r = [[  0.79023883   4.75857108  10.01260629]
 [  2.52383418  -4.37080221 -17.11333203]
 [ -1.49173808   0.63691134   9.58558984]
 [ -0.4118165   -0.74363664  -3.80054553]]: 0.0021066334863592473
r = [[  0.79023883   4.75857108  10.01260629]
 [  2.52383418  -4.37080221 -17.11333203]
 [ -1.49173808   0.63691134   9.58558984]
 [ -0.4118165   -0.74363664  -3.80054553]]: 0.13766800399337495
