r = [[0.31218604 0.23160831 1.93744553]
 [0.40859228 1.49227207 0.99814399]
 [1.73691759 0.42326737 0.24590107]
 [1.44140908 1.77933788 0.98315974]]: 0.0006010618121113762
r = [[0.31218604 0.23160831 1.93744553]
 [0.40859228 1.49227207 0.99814399]
 [1.73691759 0.42326737 0.24590107]
 [1.44140908 1.77933788 0.98315974]]: 8.610590261274151e-05
r = [[0.31218604 0.23160831 1.93744553]
 [0.40859228 1.49227207 0.99814399]
 [1.73691759 0.42326737 0.24590107]
 [1.44140908 1.77933788 0.98315974]]: 0.00019654832820898655
r = [[0.31218604 0.23160831 1.93744553]
 [0.40859228 1.49227207 0.99814399]
 [1.73691759 0.42326737 0.24590107]
 [1.44140908 1.77933788 0.98315974]]: 0.0002334961817333741
r = [[0.31218604 0.23160831 1.93744553]
 [0.40859228 1.49227207 0.99814399]
 [1.73691759 0.42326737 0.24590107]
 [1.44140908 1.77933788 0.98315974]]: 3.3322327713644232e-06
r = [[0.31218604 0.23160831 1.93744553]
 [0.40859228 1.49227207 0.99814399]
 [1.73691759 0.42326737 0.24590107]
 [1.44140908 1.77933788 0.98315974]]: 0.00023874195799830237
r = [[0.31218604 0.23160831 1.93744553]
 [0.40859228 1.49227207 0.99814399]
 [1.73691759 0.42326737 0.24590107]
 [1.44140908 1.77933788 0.98315974]]: 0.0001154507265580053
r = [[0.31218604 0.23160831 1.93744553]
 [0.40859228 1.49227207 0.99814399]
 [1.73691759 0.42326737 0.24590107]
 [1.44140908 1.77933788 0.98315974]]: 9.600758273466324e-05
r = [[0.31218604 0.23160831 1.93744553]
 [0.40859228 1.49227207 0.99814399]
 [1.73691759 0.42326737 0.24590107]
 [1.44140908 1.77933788 0.98315974]]: 8.25986158555939e-06
r = [[0.31218604 0.23160831 1.93744553]
 [0.40859228 1.49227207 0.99814399]
 [1.73691759 0.42326737 0.24590107]
 [1.44140908 1.77933788 0.98315974]]: 8.555717808381555e-06
