r = [[  4.49753603   8.00730526   9.36143833]
 [  0.53718801 -15.30460072  -7.31378084]
 [  3.59653598   8.06444621   2.64536834]
 [  0.22809471   4.73388801  -3.78961463]]: 0.015058220131322742
r = [[  4.49753603   8.00730526   9.36143833]
 [  0.53718801 -15.30460072  -7.31378084]
 [  3.59653598   8.06444621   2.64536834]
 [  0.22809471   4.73388801  -3.78961463]]: 0.021867941998477494
r = [[  4.49753603   8.00730526   9.36143833]
 [  0.53718801 -15.30460072  -7.31378084]
 [  3.59653598   8.06444621   2.64536834]
 [  0.22809471   4.73388801  -3.78961463]]: 0.009236957320743906
r = [[  4.49753603   8.00730526   9.36143833]
 [  0.53718801 -15.30460072  -7.31378084]
 [  3.59653598   8.06444621   2.64536834]
 [  0.22809471   4.73388801  -3.78961463]]: 0.012870720654193844
r = [[  4.49753603   8.00730526   9.36143833]
 [  0.53718801 -15.30460072  -7.31378084]
 [  3.59653598   8.06444621   2.64536834]
 [  0.22809471   4.73388801  -3.78961463]]: 0.03921598881216986
r = [[  4.49753603   8.00730526   9.36143833]
 [  0.53718801 -15.30460072  -7.31378084]
 [  3.59653598   8.06444621   2.64536834]
 [  0.22809471   4.73388801  -3.78961463]]: 0.026140360959938595
r = [[  4.49753603   8.00730526   9.36143833]
 [  0.53718801 -15.30460072  -7.31378084]
 [  3.59653598   8.06444621   2.64536834]
 [  0.22809471   4.73388801  -3.78961463]]: 0.00020180297620494718
r = [[  4.49753603   8.00730526   9.36143833]
 [  0.53718801 -15.30460072  -7.31378084]
 [  3.59653598   8.06444621   2.64536834]
 [  0.22809471   4.73388801  -3.78961463]]: 0.0020552529354712795
r = [[  4.49753603   8.00730526   9.36143833]
 [  0.53718801 -15.30460072  -7.31378084]
 [  3.59653598   8.06444621   2.64536834]
 [  0.22809471   4.73388801  -3.78961463]]: 0.002064058432422046
r = [[  4.49753603   8.00730526   9.36143833]
 [  0.53718801 -15.30460072  -7.31378084]
 [  3.59653598   8.06444621   2.64536834]
 [  0.22809471   4.73388801  -3.78961463]]: 0.08320999863956656
