r = [[0.65729875 0.37816784 1.24466023]
 [1.22282748 1.09741491 1.4283507 ]
 [1.73515818 1.43023497 1.81684341]
 [1.07451577 1.12125302 0.59877862]]: 2.71755247922556e-05
r = [[0.65729875 0.37816784 1.24466023]
 [1.22282748 1.09741491 1.4283507 ]
 [1.73515818 1.43023497 1.81684341]
 [1.07451577 1.12125302 0.59877862]]: 3.922499711604489e-05
r = [[0.65729875 0.37816784 1.24466023]
 [1.22282748 1.09741491 1.4283507 ]
 [1.73515818 1.43023497 1.81684341]
 [1.07451577 1.12125302 0.59877862]]: 1.5867419652490104e-06
r = [[0.65729875 0.37816784 1.24466023]
 [1.22282748 1.09741491 1.4283507 ]
 [1.73515818 1.43023497 1.81684341]
 [1.07451577 1.12125302 0.59877862]]: 0.00020606740248954987
r = [[0.65729875 0.37816784 1.24466023]
 [1.22282748 1.09741491 1.4283507 ]
 [1.73515818 1.43023497 1.81684341]
 [1.07451577 1.12125302 0.59877862]]: 1.565778282903401e-05
r = [[0.65729875 0.37816784 1.24466023]
 [1.22282748 1.09741491 1.4283507 ]
 [1.73515818 1.43023497 1.81684341]
 [1.07451577 1.12125302 0.59877862]]: 0.00018134861602447927
r = [[0.65729875 0.37816784 1.24466023]
 [1.22282748 1.09741491 1.4283507 ]
 [1.73515818 1.43023497 1.81684341]
 [1.07451577 1.12125302 0.59877862]]: 0.0002995826450517468
r = [[0.65729875 0.37816784 1.24466023]
 [1.22282748 1.09741491 1.4283507 ]
 [1.73515818 1.43023497 1.81684341]
 [1.07451577 1.12125302 0.59877862]]: 0.00026079365540811395
r = [[0.65729875 0.37816784 1.24466023]
 [1.22282748 1.09741491 1.4283507 ]
 [1.73515818 1.43023497 1.81684341]
 [1.07451577 1.12125302 0.59877862]]: 0.0001106046784116188
r = [[0.65729875 0.37816784 1.24466023]
 [1.22282748 1.09741491 1.4283507 ]
 [1.73515818 1.43023497 1.81684341]
 [1.07451577 1.12125302 0.59877862]]: 0.0006874900947358194
