r = [[1.73321971 1.08993166 1.66047707]
 [0.1799439  0.97321625 1.05384124]
 [0.22619272 1.51810305 0.48090352]
 [0.88708276 1.80797772 1.35603541]]: 0.0011362292778877808
r = [[1.73321971 1.08993166 1.66047707]
 [0.1799439  0.97321625 1.05384124]
 [0.22619272 1.51810305 0.48090352]
 [0.88708276 1.80797772 1.35603541]]: 0.0003758870604672536
r = [[1.73321971 1.08993166 1.66047707]
 [0.1799439  0.97321625 1.05384124]
 [0.22619272 1.51810305 0.48090352]
 [0.88708276 1.80797772 1.35603541]]: 1.4871676934749953e-05
r = [[1.73321971 1.08993166 1.66047707]
 [0.1799439  0.97321625 1.05384124]
 [0.22619272 1.51810305 0.48090352]
 [0.88708276 1.80797772 1.35603541]]: 9.532095077702252e-07
r = [[1.73321971 1.08993166 1.66047707]
 [0.1799439  0.97321625 1.05384124]
 [0.22619272 1.51810305 0.48090352]
 [0.88708276 1.80797772 1.35603541]]: 0.0003269672898958171
r = [[1.73321971 1.08993166 1.66047707]
 [0.1799439  0.97321625 1.05384124]
 [0.22619272 1.51810305 0.48090352]
 [0.88708276 1.80797772 1.35603541]]: 9.692391540738754e-05
r = [[1.73321971 1.08993166 1.66047707]
 [0.1799439  0.97321625 1.05384124]
 [0.22619272 1.51810305 0.48090352]
 [0.88708276 1.80797772 1.35603541]]: 0.00017390744272103933
r = [[1.73321971 1.08993166 1.66047707]
 [0.1799439  0.97321625 1.05384124]
 [0.22619272 1.51810305 0.48090352]
 [0.88708276 1.80797772 1.35603541]]: 4.002662106878623e-05
r = [[1.73321971 1.08993166 1.66047707]
 [0.1799439  0.97321625 1.05384124]
 [0.22619272 1.51810305 0.48090352]
 [0.88708276 1.80797772 1.35603541]]: 0.0006456493127708589
r = [[1.73321971 1.08993166 1.66047707]
 [0.1799439  0.97321625 1.05384124]
 [0.22619272 1.51810305 0.48090352]
 [0.88708276 1.80797772 1.35603541]]: 7.187310854663208e-06
