r = [[1.05804592 0.60335971 1.29666486]
 [1.78760411 0.36846723 0.98030976]
 [0.5423711  0.9721176  1.87098048]
 [1.62066994 0.68649697 1.69316761]]: 1.40919122161774e-06
r = [[1.05804592 0.60335971 1.29666486]
 [1.78760411 0.36846723 0.98030976]
 [0.5423711  0.9721176  1.87098048]
 [1.62066994 0.68649697 1.69316761]]: 1.3713233524218335e-05
r = [[1.05804592 0.60335971 1.29666486]
 [1.78760411 0.36846723 0.98030976]
 [0.5423711  0.9721176  1.87098048]
 [1.62066994 0.68649697 1.69316761]]: 0.00021850975930906964
r = [[1.05804592 0.60335971 1.29666486]
 [1.78760411 0.36846723 0.98030976]
 [0.5423711  0.9721176  1.87098048]
 [1.62066994 0.68649697 1.69316761]]: 0.0004447690210197054
r = [[1.05804592 0.60335971 1.29666486]
 [1.78760411 0.36846723 0.98030976]
 [0.5423711  0.9721176  1.87098048]
 [1.62066994 0.68649697 1.69316761]]: 1.4985117559263017e-05
r = [[1.05804592 0.60335971 1.29666486]
 [1.78760411 0.36846723 0.98030976]
 [0.5423711  0.9721176  1.87098048]
 [1.62066994 0.68649697 1.69316761]]: 3.304926346053045e-06
r = [[1.05804592 0.60335971 1.29666486]
 [1.78760411 0.36846723 0.98030976]
 [0.5423711  0.9721176  1.87098048]
 [1.62066994 0.68649697 1.69316761]]: 0.0015036850776855967
r = [[1.05804592 0.60335971 1.29666486]
 [1.78760411 0.36846723 0.98030976]
 [0.5423711  0.9721176  1.87098048]
 [1.62066994 0.68649697 1.69316761]]: 9.561345840276253e-06
r = [[1.05804592 0.60335971 1.29666486]
 [1.78760411 0.36846723 0.98030976]
 [0.5423711  0.9721176  1.87098048]
 [1.62066994 0.68649697 1.69316761]]: 2.0574187828970025e-06
r = [[1.05804592 0.60335971 1.29666486]
 [1.78760411 0.36846723 0.98030976]
 [0.5423711  0.9721176  1.87098048]
 [1.62066994 0.68649697 1.69316761]]: 0.0002855810094583181
