r = [[  7.06955355   4.55549647   3.93732537]
 [  2.47650964  -0.22036692  -3.31451914]
 [  3.7177835   -6.06291987  -4.03353879]
 [ 14.51340253  -2.81733831 -11.27785242]]: 0.030836386007389853
r = [[  7.06955355   4.55549647   3.93732537]
 [  2.47650964  -0.22036692  -3.31451914]
 [  3.7177835   -6.06291987  -4.03353879]
 [ 14.51340253  -2.81733831 -11.27785242]]: 0.003289456944912672
r = [[  7.06955355   4.55549647   3.93732537]
 [  2.47650964  -0.22036692  -3.31451914]
 [  3.7177835   -6.06291987  -4.03353879]
 [ 14.51340253  -2.81733831 -11.27785242]]: 0.007484193159533399
r = [[  7.06955355   4.55549647   3.93732537]
 [  2.47650964  -0.22036692  -3.31451914]
 [  3.7177835   -6.06291987  -4.03353879]
 [ 14.51340253  -2.81733831 -11.27785242]]: 0.011430785159713455
r = [[  7.06955355   4.55549647   3.93732537]
 [  2.47650964  -0.22036692  -3.31451914]
 [  3.7177835   -6.06291987  -4.03353879]
 [ 14.51340253  -2.81733831 -11.27785242]]: 0.0036778902701501337
r = [[  7.06955355   4.55549647   3.93732537]
 [  2.47650964  -0.22036692  -3.31451914]
 [  3.7177835   -6.06291987  -4.03353879]
 [ 14.51340253  -2.81733831 -11.27785242]]: 0.0070830855152702755
r = [[  7.06955355   4.55549647   3.93732537]
 [  2.47650964  -0.22036692  -3.31451914]
 [  3.7177835   -6.06291987  -4.03353879]
 [ 14.51340253  -2.81733831 -11.27785242]]: 0.003251653705124876
r = [[  7.06955355   4.55549647   3.93732537]
 [  2.47650964  -0.22036692  -3.31451914]
 [  3.7177835   -6.06291987  -4.03353879]
 [ 14.51340253  -2.81733831 -11.27785242]]: 0.21012084345732415
r = [[  7.06955355   4.55549647   3.93732537]
 [  2.47650964  -0.22036692  -3.31451914]
 [  3.7177835   -6.06291987  -4.03353879]
 [ 14.51340253  -2.81733831 -11.27785242]]: 0.0005753425024782441
r = [[  7.06955355   4.55549647   3.93732537]
 [  2.47650964  -0.22036692  -3.31451914]
 [  3.7177835   -6.06291987  -4.03353879]
 [ 14.51340253  -2.81733831 -11.27785242]]: 0.007338797706844551
