r = [[0.64098992 0.23323524 1.05102335]
 [0.96313202 1.50613955 0.47278787]
 [1.20039793 0.20910725 1.90006371]
 [0.06308322 0.85113306 0.49615863]]: 0.00017009782199498398
r = [[0.64098992 0.23323524 1.05102335]
 [0.96313202 1.50613955 0.47278787]
 [1.20039793 0.20910725 1.90006371]
 [0.06308322 0.85113306 0.49615863]]: 8.645576932459724e-07
r = [[0.64098992 0.23323524 1.05102335]
 [0.96313202 1.50613955 0.47278787]
 [1.20039793 0.20910725 1.90006371]
 [0.06308322 0.85113306 0.49615863]]: 4.013268673069044e-06
r = [[0.64098992 0.23323524 1.05102335]
 [0.96313202 1.50613955 0.47278787]
 [1.20039793 0.20910725 1.90006371]
 [0.06308322 0.85113306 0.49615863]]: 8.11949842370398e-06
r = [[0.64098992 0.23323524 1.05102335]
 [0.96313202 1.50613955 0.47278787]
 [1.20039793 0.20910725 1.90006371]
 [0.06308322 0.85113306 0.49615863]]: 7.169351556512993e-05
r = [[0.64098992 0.23323524 1.05102335]
 [0.96313202 1.50613955 0.47278787]
 [1.20039793 0.20910725 1.90006371]
 [0.06308322 0.85113306 0.49615863]]: 0.00021730794469476677
r = [[0.64098992 0.23323524 1.05102335]
 [0.96313202 1.50613955 0.47278787]
 [1.20039793 0.20910725 1.90006371]
 [0.06308322 0.85113306 0.49615863]]: 0.0001257073672604747
r = [[0.64098992 0.23323524 1.05102335]
 [0.96313202 1.50613955 0.47278787]
 [1.20039793 0.20910725 1.90006371]
 [0.06308322 0.85113306 0.49615863]]: 3.822610779025126e-06
r = [[0.64098992 0.23323524 1.05102335]
 [0.96313202 1.50613955 0.47278787]
 [1.20039793 0.20910725 1.90006371]
 [0.06308322 0.85113306 0.49615863]]: 3.5723106585854632e-06
r = [[0.64098992 0.23323524 1.05102335]
 [0.96313202 1.50613955 0.47278787]
 [1.20039793 0.20910725 1.90006371]
 [0.06308322 0.85113306 0.49615863]]: 0.0018949985959417453
