r = [[ 10.69820041  -0.24937196  13.11562758]
 [  0.39559143 -11.29080601  -5.26037214]
 [  2.748599    -9.66449871  -6.43912448]
 [ -0.52814749   3.15055275 -16.40709277]]: 0.013463458511978388
r = [[ 10.69820041  -0.24937196  13.11562758]
 [  0.39559143 -11.29080601  -5.26037214]
 [  2.748599    -9.66449871  -6.43912448]
 [ -0.52814749   3.15055275 -16.40709277]]: 0.0007288994217690613
r = [[ 10.69820041  -0.24937196  13.11562758]
 [  0.39559143 -11.29080601  -5.26037214]
 [  2.748599    -9.66449871  -6.43912448]
 [ -0.52814749   3.15055275 -16.40709277]]: 0.017032579419070056
r = [[ 10.69820041  -0.24937196  13.11562758]
 [  0.39559143 -11.29080601  -5.26037214]
 [  2.748599    -9.66449871  -6.43912448]
 [ -0.52814749   3.15055275 -16.40709277]]: 0.10839406387614352
r = [[ 10.69820041  -0.24937196  13.11562758]
 [  0.39559143 -11.29080601  -5.26037214]
 [  2.748599    -9.66449871  -6.43912448]
 [ -0.52814749   3.15055275 -16.40709277]]: 0.14196279871144465
r = [[ 10.69820041  -0.24937196  13.11562758]
 [  0.39559143 -11.29080601  -5.26037214]
 [  2.748599    -9.66449871  -6.43912448]
 [ -0.52814749   3.15055275 -16.40709277]]: 0.07075427998123425
r = [[ 10.69820041  -0.24937196  13.11562758]
 [  0.39559143 -11.29080601  -5.26037214]
 [  2.748599    -9.66449871  -6.43912448]
 [ -0.52814749   3.15055275 -16.40709277]]: 0.00416043058170804
r = [[ 10.69820041  -0.24937196  13.11562758]
 [  0.39559143 -11.29080601  -5.26037214]
 [  2.748599    -9.66449871  -6.43912448]
 [ -0.52814749   3.15055275 -16.40709277]]: 0.01817706912489874
r = [[ 10.69820041  -0.24937196  13.11562758]
 [  0.39559143 -11.29080601  -5.26037214]
 [  2.748599    -9.66449871  -6.43912448]
 [ -0.52814749   3.15055275 -16.40709277]]: 0.037459531998527903
r = [[ 10.69820041  -0.24937196  13.11562758]
 [  0.39559143 -11.29080601  -5.26037214]
 [  2.748599    -9.66449871  -6.43912448]
 [ -0.52814749   3.15055275 -16.40709277]]: 0.035871303108121665
