r = [[1.44590036 1.14701411 1.09993336]
 [0.52420356 0.85375634 1.96771142]
 [0.29037901 1.50923519 1.77230979]
 [1.34947816 0.56221221 0.83556632]]: 0.0013792629574059642
r = [[1.44590036 1.14701411 1.09993336]
 [0.52420356 0.85375634 1.96771142]
 [0.29037901 1.50923519 1.77230979]
 [1.34947816 0.56221221 0.83556632]]: 0.00029161799154410673
r = [[1.44590036 1.14701411 1.09993336]
 [0.52420356 0.85375634 1.96771142]
 [0.29037901 1.50923519 1.77230979]
 [1.34947816 0.56221221 0.83556632]]: 4.1106458671233014e-06
r = [[1.44590036 1.14701411 1.09993336]
 [0.52420356 0.85375634 1.96771142]
 [0.29037901 1.50923519 1.77230979]
 [1.34947816 0.56221221 0.83556632]]: 1.0040691904578125e-05
r = [[1.44590036 1.14701411 1.09993336]
 [0.52420356 0.85375634 1.96771142]
 [0.29037901 1.50923519 1.77230979]
 [1.34947816 0.56221221 0.83556632]]: 0.00014118193238183658
r = [[1.44590036 1.14701411 1.09993336]
 [0.52420356 0.85375634 1.96771142]
 [0.29037901 1.50923519 1.77230979]
 [1.34947816 0.56221221 0.83556632]]: 6.387129750302327e-05
r = [[1.44590036 1.14701411 1.09993336]
 [0.52420356 0.85375634 1.96771142]
 [0.29037901 1.50923519 1.77230979]
 [1.34947816 0.56221221 0.83556632]]: 2.4507560803093448e-05
r = [[1.44590036 1.14701411 1.09993336]
 [0.52420356 0.85375634 1.96771142]
 [0.29037901 1.50923519 1.77230979]
 [1.34947816 0.56221221 0.83556632]]: 2.1821621365753733e-06
r = [[1.44590036 1.14701411 1.09993336]
 [0.52420356 0.85375634 1.96771142]
 [0.29037901 1.50923519 1.77230979]
 [1.34947816 0.56221221 0.83556632]]: 1.3018778320526638e-05
r = [[1.44590036 1.14701411 1.09993336]
 [0.52420356 0.85375634 1.96771142]
 [0.29037901 1.50923519 1.77230979]
 [1.34947816 0.56221221 0.83556632]]: 0.0005892108934598842
