r = [[-1.44163443 -0.55060432  2.18626876]
 [-4.91040715 -1.32663733 -1.59047278]
 [-2.83913151 -3.97721111 10.60796254]
 [ 0.98028057 -2.22269918 -0.87649541]]: 0.047115369067926495
r = [[-1.44163443 -0.55060432  2.18626876]
 [-4.91040715 -1.32663733 -1.59047278]
 [-2.83913151 -3.97721111 10.60796254]
 [ 0.98028057 -2.22269918 -0.87649541]]: 0.0031494783304099527
r = [[-1.44163443 -0.55060432  2.18626876]
 [-4.91040715 -1.32663733 -1.59047278]
 [-2.83913151 -3.97721111 10.60796254]
 [ 0.98028057 -2.22269918 -0.87649541]]: 0.0005628648671388094
r = [[-1.44163443 -0.55060432  2.18626876]
 [-4.91040715 -1.32663733 -1.59047278]
 [-2.83913151 -3.97721111 10.60796254]
 [ 0.98028057 -2.22269918 -0.87649541]]: 0.0005157346812276435
r = [[-1.44163443 -0.55060432  2.18626876]
 [-4.91040715 -1.32663733 -1.59047278]
 [-2.83913151 -3.97721111 10.60796254]
 [ 0.98028057 -2.22269918 -0.87649541]]: 0.016480959552739347
r = [[-1.44163443 -0.55060432  2.18626876]
 [-4.91040715 -1.32663733 -1.59047278]
 [-2.83913151 -3.97721111 10.60796254]
 [ 0.98028057 -2.22269918 -0.87649541]]: 0.16516682585435255
r = [[-1.44163443 -0.55060432  2.18626876]
 [-4.91040715 -1.32663733 -1.59047278]
 [-2.83913151 -3.97721111 10.60796254]
 [ 0.98028057 -2.22269918 -0.87649541]]: 0.00176986276970378
r = [[-1.44163443 -0.55060432  2.18626876]
 [-4.91040715 -1.32663733 -1.59047278]
 [-2.83913151 -3.97721111 10.60796254]
 [ 0.98028057 -2.22269918 -0.87649541]]: 0.005270420340821147
r = [[-1.44163443 -0.55060432  2.18626876]
 [-4.91040715 -1.32663733 -1.59047278]
 [-2.83913151 -3.97721111 10.60796254]
 [ 0.98028057 -2.22269918 -0.87649541]]: 0.030894513840654066
r = [[-1.44163443 -0.55060432  2.18626876]
 [-4.91040715 -1.32663733 -1.59047278]
 [-2.83913151 -3.97721111 10.60796254]
 [ 0.98028057 -2.22269918 -0.87649541]]: 0.0033619682238038096
