r = [[ -2.76482348   7.50906049  -2.34531428]
 [ -2.86326509 -11.26112037  -2.78358504]
 [  2.07202155  -0.84013155   2.87776506]
 [-11.1173913    1.32404406   1.16590892]]: 0.039681028574705124
r = [[ -2.76482348   7.50906049  -2.34531428]
 [ -2.86326509 -11.26112037  -2.78358504]
 [  2.07202155  -0.84013155   2.87776506]
 [-11.1173913    1.32404406   1.16590892]]: 0.07059331185051373
r = [[ -2.76482348   7.50906049  -2.34531428]
 [ -2.86326509 -11.26112037  -2.78358504]
 [  2.07202155  -0.84013155   2.87776506]
 [-11.1173913    1.32404406   1.16590892]]: 0.14313266266669547
r = [[ -2.76482348   7.50906049  -2.34531428]
 [ -2.86326509 -11.26112037  -2.78358504]
 [  2.07202155  -0.84013155   2.87776506]
 [-11.1173913    1.32404406   1.16590892]]: 0.1715368677063712
r = [[ -2.76482348   7.50906049  -2.34531428]
 [ -2.86326509 -11.26112037  -2.78358504]
 [  2.07202155  -0.84013155   2.87776506]
 [-11.1173913    1.32404406   1.16590892]]: 0.0054992141917214864
r = [[ -2.76482348   7.50906049  -2.34531428]
 [ -2.86326509 -11.26112037  -2.78358504]
 [  2.07202155  -0.84013155   2.87776506]
 [-11.1173913    1.32404406   1.16590892]]: 0.018610241124406457
r = [[ -2.76482348   7.50906049  -2.34531428]
 [ -2.86326509 -11.26112037  -2.78358504]
 [  2.07202155  -0.84013155   2.87776506]
 [-11.1173913    1.32404406   1.16590892]]: 0.014944090208570873
r = [[ -2.76482348   7.50906049  -2.34531428]
 [ -2.86326509 -11.26112037  -2.78358504]
 [  2.07202155  -0.84013155   2.87776506]
 [-11.1173913    1.32404406   1.16590892]]: 0.003238276277053436
r = [[ -2.76482348   7.50906049  -2.34531428]
 [ -2.86326509 -11.26112037  -2.78358504]
 [  2.07202155  -0.84013155   2.87776506]
 [-11.1173913    1.32404406   1.16590892]]: 0.11306480477963175
r = [[ -2.76482348   7.50906049  -2.34531428]
 [ -2.86326509 -11.26112037  -2.78358504]
 [  2.07202155  -0.84013155   2.87776506]
 [-11.1173913    1.32404406   1.16590892]]: 0.01923186062569065
