r = [[  1.79583867  -3.51167189   8.38550983]
 [  4.78912998  -7.73941794   5.08316798]
 [  1.24185719  11.20833094  16.50371807]
 [ -0.95467582   0.468701   -10.46952932]]: 0.0808977870536702
r = [[  1.79583867  -3.51167189   8.38550983]
 [  4.78912998  -7.73941794   5.08316798]
 [  1.24185719  11.20833094  16.50371807]
 [ -0.95467582   0.468701   -10.46952932]]: 0.15828376768955163
r = [[  1.79583867  -3.51167189   8.38550983]
 [  4.78912998  -7.73941794   5.08316798]
 [  1.24185719  11.20833094  16.50371807]
 [ -0.95467582   0.468701   -10.46952932]]: 0.0005852493673696049
r = [[  1.79583867  -3.51167189   8.38550983]
 [  4.78912998  -7.73941794   5.08316798]
 [  1.24185719  11.20833094  16.50371807]
 [ -0.95467582   0.468701   -10.46952932]]: 0.2255229540169239
r = [[  1.79583867  -3.51167189   8.38550983]
 [  4.78912998  -7.73941794   5.08316798]
 [  1.24185719  11.20833094  16.50371807]
 [ -0.95467582   0.468701   -10.46952932]]: 0.012784921597423298
r = [[  1.79583867  -3.51167189   8.38550983]
 [  4.78912998  -7.73941794   5.08316798]
 [  1.24185719  11.20833094  16.50371807]
 [ -0.95467582   0.468701   -10.46952932]]: 0.06599768028328461
r = [[  1.79583867  -3.51167189   8.38550983]
 [  4.78912998  -7.73941794   5.08316798]
 [  1.24185719  11.20833094  16.50371807]
 [ -0.95467582   0.468701   -10.46952932]]: 0.004721838415467313
r = [[  1.79583867  -3.51167189   8.38550983]
 [  4.78912998  -7.73941794   5.08316798]
 [  1.24185719  11.20833094  16.50371807]
 [ -0.95467582   0.468701   -10.46952932]]: 0.04801652114838362
r = [[  1.79583867  -3.51167189   8.38550983]
 [  4.78912998  -7.73941794   5.08316798]
 [  1.24185719  11.20833094  16.50371807]
 [ -0.95467582   0.468701   -10.46952932]]: 0.0011305662088229188
r = [[  1.79583867  -3.51167189   8.38550983]
 [  4.78912998  -7.73941794   5.08316798]
 [  1.24185719  11.20833094  16.50371807]
 [ -0.95467582   0.468701   -10.46952932]]: 0.0025030630474377957
