r = [[0.4680425  1.58110897 1.70319462]
 [0.44237835 0.27965823 1.8207508 ]
 [0.34348555 0.31305726 1.35871638]
 [0.27904693 0.87360908 1.06650764]]: 0.0003394479156538312
r = [[0.4680425  1.58110897 1.70319462]
 [0.44237835 0.27965823 1.8207508 ]
 [0.34348555 0.31305726 1.35871638]
 [0.27904693 0.87360908 1.06650764]]: 2.5371170652631137e-05
r = [[0.4680425  1.58110897 1.70319462]
 [0.44237835 0.27965823 1.8207508 ]
 [0.34348555 0.31305726 1.35871638]
 [0.27904693 0.87360908 1.06650764]]: 0.00015382956527381402
r = [[0.4680425  1.58110897 1.70319462]
 [0.44237835 0.27965823 1.8207508 ]
 [0.34348555 0.31305726 1.35871638]
 [0.27904693 0.87360908 1.06650764]]: 0.001385390510092423
r = [[0.4680425  1.58110897 1.70319462]
 [0.44237835 0.27965823 1.8207508 ]
 [0.34348555 0.31305726 1.35871638]
 [0.27904693 0.87360908 1.06650764]]: 0.00012839136460180662
r = [[0.4680425  1.58110897 1.70319462]
 [0.44237835 0.27965823 1.8207508 ]
 [0.34348555 0.31305726 1.35871638]
 [0.27904693 0.87360908 1.06650764]]: 0.00025186721723002847
r = [[0.4680425  1.58110897 1.70319462]
 [0.44237835 0.27965823 1.8207508 ]
 [0.34348555 0.31305726 1.35871638]
 [0.27904693 0.87360908 1.06650764]]: 4.9429301205756406e-05
r = [[0.4680425  1.58110897 1.70319462]
 [0.44237835 0.27965823 1.8207508 ]
 [0.34348555 0.31305726 1.35871638]
 [0.27904693 0.87360908 1.06650764]]: 0.0006553262615593017
r = [[0.4680425  1.58110897 1.70319462]
 [0.44237835 0.27965823 1.8207508 ]
 [0.34348555 0.31305726 1.35871638]
 [0.27904693 0.87360908 1.06650764]]: 7.885465752873902e-06
r = [[0.4680425  1.58110897 1.70319462]
 [0.44237835 0.27965823 1.8207508 ]
 [0.34348555 0.31305726 1.35871638]
 [0.27904693 0.87360908 1.06650764]]: 1.1117001642040642e-05
