r = [[0.59881751 0.50592337 1.78157748]
 [1.89912493 1.92656787 0.69444732]
 [1.97241253 0.24475737 0.32874357]
 [1.43380026 1.59149668 0.28424337]]: 0.00020450059621777785
r = [[0.59881751 0.50592337 1.78157748]
 [1.89912493 1.92656787 0.69444732]
 [1.97241253 0.24475737 0.32874357]
 [1.43380026 1.59149668 0.28424337]]: 0.0003075633617949539
r = [[0.59881751 0.50592337 1.78157748]
 [1.89912493 1.92656787 0.69444732]
 [1.97241253 0.24475737 0.32874357]
 [1.43380026 1.59149668 0.28424337]]: 0.00044326345960143954
r = [[0.59881751 0.50592337 1.78157748]
 [1.89912493 1.92656787 0.69444732]
 [1.97241253 0.24475737 0.32874357]
 [1.43380026 1.59149668 0.28424337]]: 6.93701320285202e-06
r = [[0.59881751 0.50592337 1.78157748]
 [1.89912493 1.92656787 0.69444732]
 [1.97241253 0.24475737 0.32874357]
 [1.43380026 1.59149668 0.28424337]]: 0.00018515131939368854
r = [[0.59881751 0.50592337 1.78157748]
 [1.89912493 1.92656787 0.69444732]
 [1.97241253 0.24475737 0.32874357]
 [1.43380026 1.59149668 0.28424337]]: 4.672631153620646e-06
r = [[0.59881751 0.50592337 1.78157748]
 [1.89912493 1.92656787 0.69444732]
 [1.97241253 0.24475737 0.32874357]
 [1.43380026 1.59149668 0.28424337]]: 0.00011467510869676647
r = [[0.59881751 0.50592337 1.78157748]
 [1.89912493 1.92656787 0.69444732]
 [1.97241253 0.24475737 0.32874357]
 [1.43380026 1.59149668 0.28424337]]: 1.7687665993954787e-05
r = [[0.59881751 0.50592337 1.78157748]
 [1.89912493 1.92656787 0.69444732]
 [1.97241253 0.24475737 0.32874357]
 [1.43380026 1.59149668 0.28424337]]: 0.00021732845977697122
r = [[0.59881751 0.50592337 1.78157748]
 [1.89912493 1.92656787 0.69444732]
 [1.97241253 0.24475737 0.32874357]
 [1.43380026 1.59149668 0.28424337]]: 0.0005506710913323332
