r = [[ 6.78424199 -0.46070183 -7.25472749]
 [-6.42631363  1.15903412 -0.15631915]
 [ 8.72927801 -1.40554261 13.19159604]
 [ 7.50513862  8.56422502 13.41768131]]: 0.0009181730149845992
r = [[ 6.78424199 -0.46070183 -7.25472749]
 [-6.42631363  1.15903412 -0.15631915]
 [ 8.72927801 -1.40554261 13.19159604]
 [ 7.50513862  8.56422502 13.41768131]]: 0.09744417015463114
r = [[ 6.78424199 -0.46070183 -7.25472749]
 [-6.42631363  1.15903412 -0.15631915]
 [ 8.72927801 -1.40554261 13.19159604]
 [ 7.50513862  8.56422502 13.41768131]]: 0.0594240801541933
r = [[ 6.78424199 -0.46070183 -7.25472749]
 [-6.42631363  1.15903412 -0.15631915]
 [ 8.72927801 -1.40554261 13.19159604]
 [ 7.50513862  8.56422502 13.41768131]]: 0.018560799445757375
r = [[ 6.78424199 -0.46070183 -7.25472749]
 [-6.42631363  1.15903412 -0.15631915]
 [ 8.72927801 -1.40554261 13.19159604]
 [ 7.50513862  8.56422502 13.41768131]]: 0.011144289480788367
r = [[ 6.78424199 -0.46070183 -7.25472749]
 [-6.42631363  1.15903412 -0.15631915]
 [ 8.72927801 -1.40554261 13.19159604]
 [ 7.50513862  8.56422502 13.41768131]]: 0.004371487535536289
r = [[ 6.78424199 -0.46070183 -7.25472749]
 [-6.42631363  1.15903412 -0.15631915]
 [ 8.72927801 -1.40554261 13.19159604]
 [ 7.50513862  8.56422502 13.41768131]]: 0.028987840682800328
r = [[ 6.78424199 -0.46070183 -7.25472749]
 [-6.42631363  1.15903412 -0.15631915]
 [ 8.72927801 -1.40554261 13.19159604]
 [ 7.50513862  8.56422502 13.41768131]]: 0.03270400382046189
r = [[ 6.78424199 -0.46070183 -7.25472749]
 [-6.42631363  1.15903412 -0.15631915]
 [ 8.72927801 -1.40554261 13.19159604]
 [ 7.50513862  8.56422502 13.41768131]]: 0.0009516468936843532
r = [[ 6.78424199 -0.46070183 -7.25472749]
 [-6.42631363  1.15903412 -0.15631915]
 [ 8.72927801 -1.40554261 13.19159604]
 [ 7.50513862  8.56422502 13.41768131]]: 0.0008454726983992649
