r = [[0.08864085 1.6967622  0.26253926]
 [1.77225148 0.59362811 1.14283132]
 [0.69455804 1.37209681 1.96359147]
 [0.29167584 1.1706049  1.78559435]]: 1.510237897101823e-05
r = [[0.08864085 1.6967622  0.26253926]
 [1.77225148 0.59362811 1.14283132]
 [0.69455804 1.37209681 1.96359147]
 [0.29167584 1.1706049  1.78559435]]: 0.0002811831997990209
r = [[0.08864085 1.6967622  0.26253926]
 [1.77225148 0.59362811 1.14283132]
 [0.69455804 1.37209681 1.96359147]
 [0.29167584 1.1706049  1.78559435]]: 3.0434139002214317e-05
r = [[0.08864085 1.6967622  0.26253926]
 [1.77225148 0.59362811 1.14283132]
 [0.69455804 1.37209681 1.96359147]
 [0.29167584 1.1706049  1.78559435]]: 1.2208323693942344e-05
r = [[0.08864085 1.6967622  0.26253926]
 [1.77225148 0.59362811 1.14283132]
 [0.69455804 1.37209681 1.96359147]
 [0.29167584 1.1706049  1.78559435]]: 1.071233996948909e-05
r = [[0.08864085 1.6967622  0.26253926]
 [1.77225148 0.59362811 1.14283132]
 [0.69455804 1.37209681 1.96359147]
 [0.29167584 1.1706049  1.78559435]]: 4.381504368211608e-06
r = [[0.08864085 1.6967622  0.26253926]
 [1.77225148 0.59362811 1.14283132]
 [0.69455804 1.37209681 1.96359147]
 [0.29167584 1.1706049  1.78559435]]: 0.0015874681058838697
r = [[0.08864085 1.6967622  0.26253926]
 [1.77225148 0.59362811 1.14283132]
 [0.69455804 1.37209681 1.96359147]
 [0.29167584 1.1706049  1.78559435]]: 0.0034314632565448327
r = [[0.08864085 1.6967622  0.26253926]
 [1.77225148 0.59362811 1.14283132]
 [0.69455804 1.37209681 1.96359147]
 [0.29167584 1.1706049  1.78559435]]: 5.4542627757265496e-05
r = [[0.08864085 1.6967622  0.26253926]
 [1.77225148 0.59362811 1.14283132]
 [0.69455804 1.37209681 1.96359147]
 [0.29167584 1.1706049  1.78559435]]: 2.058467738866706e-06
