r = [[0.72014165 0.79961064 0.93816533]
 [0.02611863 1.38166677 1.03101093]
 [1.15982009 1.64679823 0.6813021 ]
 [0.2477152  0.6180174  0.47642339]]: 0.00012801030607079156
r = [[0.72014165 0.79961064 0.93816533]
 [0.02611863 1.38166677 1.03101093]
 [1.15982009 1.64679823 0.6813021 ]
 [0.2477152  0.6180174  0.47642339]]: 2.6801644318246482e-05
r = [[0.72014165 0.79961064 0.93816533]
 [0.02611863 1.38166677 1.03101093]
 [1.15982009 1.64679823 0.6813021 ]
 [0.2477152  0.6180174  0.47642339]]: 0.00039985393336142546
r = [[0.72014165 0.79961064 0.93816533]
 [0.02611863 1.38166677 1.03101093]
 [1.15982009 1.64679823 0.6813021 ]
 [0.2477152  0.6180174  0.47642339]]: 0.00029358125799002925
r = [[0.72014165 0.79961064 0.93816533]
 [0.02611863 1.38166677 1.03101093]
 [1.15982009 1.64679823 0.6813021 ]
 [0.2477152  0.6180174  0.47642339]]: 1.7021341623798695e-06
r = [[0.72014165 0.79961064 0.93816533]
 [0.02611863 1.38166677 1.03101093]
 [1.15982009 1.64679823 0.6813021 ]
 [0.2477152  0.6180174  0.47642339]]: 1.2155739308842125e-05
r = [[0.72014165 0.79961064 0.93816533]
 [0.02611863 1.38166677 1.03101093]
 [1.15982009 1.64679823 0.6813021 ]
 [0.2477152  0.6180174  0.47642339]]: 0.00035782729849285843
r = [[0.72014165 0.79961064 0.93816533]
 [0.02611863 1.38166677 1.03101093]
 [1.15982009 1.64679823 0.6813021 ]
 [0.2477152  0.6180174  0.47642339]]: 0.00013909615777915211
r = [[0.72014165 0.79961064 0.93816533]
 [0.02611863 1.38166677 1.03101093]
 [1.15982009 1.64679823 0.6813021 ]
 [0.2477152  0.6180174  0.47642339]]: 7.590940991316788e-05
r = [[0.72014165 0.79961064 0.93816533]
 [0.02611863 1.38166677 1.03101093]
 [1.15982009 1.64679823 0.6813021 ]
 [0.2477152  0.6180174  0.47642339]]: 0.00031113782305120755
