r = [[  9.35174093  -5.8652908   13.19810551]
 [ -0.78039472 -17.15391194  -0.85191226]
 [ 17.64003318   0.63922135   2.91448886]
 [  2.3010915   10.04539856   2.98490514]]: 0.0014405337029269763
r = [[  9.35174093  -5.8652908   13.19810551]
 [ -0.78039472 -17.15391194  -0.85191226]
 [ 17.64003318   0.63922135   2.91448886]
 [  2.3010915   10.04539856   2.98490514]]: 0.0036828645139134358
r = [[  9.35174093  -5.8652908   13.19810551]
 [ -0.78039472 -17.15391194  -0.85191226]
 [ 17.64003318   0.63922135   2.91448886]
 [  2.3010915   10.04539856   2.98490514]]: 0.001527833062157567
r = [[  9.35174093  -5.8652908   13.19810551]
 [ -0.78039472 -17.15391194  -0.85191226]
 [ 17.64003318   0.63922135   2.91448886]
 [  2.3010915   10.04539856   2.98490514]]: 0.009868612213592445
r = [[  9.35174093  -5.8652908   13.19810551]
 [ -0.78039472 -17.15391194  -0.85191226]
 [ 17.64003318   0.63922135   2.91448886]
 [  2.3010915   10.04539856   2.98490514]]: 0.1163384111465088
r = [[  9.35174093  -5.8652908   13.19810551]
 [ -0.78039472 -17.15391194  -0.85191226]
 [ 17.64003318   0.63922135   2.91448886]
 [  2.3010915   10.04539856   2.98490514]]: 0.018552586203441024
r = [[  9.35174093  -5.8652908   13.19810551]
 [ -0.78039472 -17.15391194  -0.85191226]
 [ 17.64003318   0.63922135   2.91448886]
 [  2.3010915   10.04539856   2.98490514]]: 0.017114112253433893
r = [[  9.35174093  -5.8652908   13.19810551]
 [ -0.78039472 -17.15391194  -0.85191226]
 [ 17.64003318   0.63922135   2.91448886]
 [  2.3010915   10.04539856   2.98490514]]: 0.006011431338265538
r = [[  9.35174093  -5.8652908   13.19810551]
 [ -0.78039472 -17.15391194  -0.85191226]
 [ 17.64003318   0.63922135   2.91448886]
 [  2.3010915   10.04539856   2.98490514]]: 0.0004387501976452768
r = [[  9.35174093  -5.8652908   13.19810551]
 [ -0.78039472 -17.15391194  -0.85191226]
 [ 17.64003318   0.63922135   2.91448886]
 [  2.3010915   10.04539856   2.98490514]]: 0.13519107749951736
