r = [[1.1699536  1.80127359 1.82178831]
 [1.70120529 1.41855942 1.58865448]
 [1.43564117 0.59445399 0.35972954]
 [1.62515741 1.45066657 0.3708444 ]]: 1.6055352391828948e-05
r = [[1.1699536  1.80127359 1.82178831]
 [1.70120529 1.41855942 1.58865448]
 [1.43564117 0.59445399 0.35972954]
 [1.62515741 1.45066657 0.3708444 ]]: 0.0004186267293074967
r = [[1.1699536  1.80127359 1.82178831]
 [1.70120529 1.41855942 1.58865448]
 [1.43564117 0.59445399 0.35972954]
 [1.62515741 1.45066657 0.3708444 ]]: 2.7504857176349367e-05
r = [[1.1699536  1.80127359 1.82178831]
 [1.70120529 1.41855942 1.58865448]
 [1.43564117 0.59445399 0.35972954]
 [1.62515741 1.45066657 0.3708444 ]]: 3.468275183747339e-05
r = [[1.1699536  1.80127359 1.82178831]
 [1.70120529 1.41855942 1.58865448]
 [1.43564117 0.59445399 0.35972954]
 [1.62515741 1.45066657 0.3708444 ]]: 0.0004288765984321279
r = [[1.1699536  1.80127359 1.82178831]
 [1.70120529 1.41855942 1.58865448]
 [1.43564117 0.59445399 0.35972954]
 [1.62515741 1.45066657 0.3708444 ]]: 0.00035245256003690884
r = [[1.1699536  1.80127359 1.82178831]
 [1.70120529 1.41855942 1.58865448]
 [1.43564117 0.59445399 0.35972954]
 [1.62515741 1.45066657 0.3708444 ]]: 0.00023913591316418855
r = [[1.1699536  1.80127359 1.82178831]
 [1.70120529 1.41855942 1.58865448]
 [1.43564117 0.59445399 0.35972954]
 [1.62515741 1.45066657 0.3708444 ]]: 0.0009589776267863012
r = [[1.1699536  1.80127359 1.82178831]
 [1.70120529 1.41855942 1.58865448]
 [1.43564117 0.59445399 0.35972954]
 [1.62515741 1.45066657 0.3708444 ]]: 2.104471338628043e-05
r = [[1.1699536  1.80127359 1.82178831]
 [1.70120529 1.41855942 1.58865448]
 [1.43564117 0.59445399 0.35972954]
 [1.62515741 1.45066657 0.3708444 ]]: 0.00036331949481141886
