r = [[  4.57934361   2.58906493  -2.55562356]
 [  4.93943216  -2.18068865  -2.22963093]
 [  6.71925211  -1.51866287  -7.1988653 ]
 [-11.52508987   8.13112672  -2.51460757]]: 0.015580166896272982
r = [[  4.57934361   2.58906493  -2.55562356]
 [  4.93943216  -2.18068865  -2.22963093]
 [  6.71925211  -1.51866287  -7.1988653 ]
 [-11.52508987   8.13112672  -2.51460757]]: 0.0045685496380818745
r = [[  4.57934361   2.58906493  -2.55562356]
 [  4.93943216  -2.18068865  -2.22963093]
 [  6.71925211  -1.51866287  -7.1988653 ]
 [-11.52508987   8.13112672  -2.51460757]]: 0.0005164162014677588
r = [[  4.57934361   2.58906493  -2.55562356]
 [  4.93943216  -2.18068865  -2.22963093]
 [  6.71925211  -1.51866287  -7.1988653 ]
 [-11.52508987   8.13112672  -2.51460757]]: 0.04845055312450443
r = [[  4.57934361   2.58906493  -2.55562356]
 [  4.93943216  -2.18068865  -2.22963093]
 [  6.71925211  -1.51866287  -7.1988653 ]
 [-11.52508987   8.13112672  -2.51460757]]: 0.0016376151470467448
r = [[  4.57934361   2.58906493  -2.55562356]
 [  4.93943216  -2.18068865  -2.22963093]
 [  6.71925211  -1.51866287  -7.1988653 ]
 [-11.52508987   8.13112672  -2.51460757]]: 0.015657016658224165
r = [[  4.57934361   2.58906493  -2.55562356]
 [  4.93943216  -2.18068865  -2.22963093]
 [  6.71925211  -1.51866287  -7.1988653 ]
 [-11.52508987   8.13112672  -2.51460757]]: 0.06171475670167378
r = [[  4.57934361   2.58906493  -2.55562356]
 [  4.93943216  -2.18068865  -2.22963093]
 [  6.71925211  -1.51866287  -7.1988653 ]
 [-11.52508987   8.13112672  -2.51460757]]: 0.024254368751176765
r = [[  4.57934361   2.58906493  -2.55562356]
 [  4.93943216  -2.18068865  -2.22963093]
 [  6.71925211  -1.51866287  -7.1988653 ]
 [-11.52508987   8.13112672  -2.51460757]]: 0.00039181749161798507
r = [[  4.57934361   2.58906493  -2.55562356]
 [  4.93943216  -2.18068865  -2.22963093]
 [  6.71925211  -1.51866287  -7.1988653 ]
 [-11.52508987   8.13112672  -2.51460757]]: 0.020029552413948944
