r = [[-7.64921926  4.82533366 -6.74237086]
 [-5.71434114  4.51456254 -7.01109777]
 [-7.05220871 -8.16220005 -3.40399951]
 [-1.04956444  8.24965432  5.54944331]]: 0.037614572061491866
r = [[-7.64921926  4.82533366 -6.74237086]
 [-5.71434114  4.51456254 -7.01109777]
 [-7.05220871 -8.16220005 -3.40399951]
 [-1.04956444  8.24965432  5.54944331]]: 0.0011555378940621658
r = [[-7.64921926  4.82533366 -6.74237086]
 [-5.71434114  4.51456254 -7.01109777]
 [-7.05220871 -8.16220005 -3.40399951]
 [-1.04956444  8.24965432  5.54944331]]: 0.06538528257182666
r = [[-7.64921926  4.82533366 -6.74237086]
 [-5.71434114  4.51456254 -7.01109777]
 [-7.05220871 -8.16220005 -3.40399951]
 [-1.04956444  8.24965432  5.54944331]]: 0.00022283246705358448
r = [[-7.64921926  4.82533366 -6.74237086]
 [-5.71434114  4.51456254 -7.01109777]
 [-7.05220871 -8.16220005 -3.40399951]
 [-1.04956444  8.24965432  5.54944331]]: 0.00033171031723863313
r = [[-7.64921926  4.82533366 -6.74237086]
 [-5.71434114  4.51456254 -7.01109777]
 [-7.05220871 -8.16220005 -3.40399951]
 [-1.04956444  8.24965432  5.54944331]]: 0.1260196537311588
r = [[-7.64921926  4.82533366 -6.74237086]
 [-5.71434114  4.51456254 -7.01109777]
 [-7.05220871 -8.16220005 -3.40399951]
 [-1.04956444  8.24965432  5.54944331]]: 0.0027709671163133214
r = [[-7.64921926  4.82533366 -6.74237086]
 [-5.71434114  4.51456254 -7.01109777]
 [-7.05220871 -8.16220005 -3.40399951]
 [-1.04956444  8.24965432  5.54944331]]: 0.00038190985131742697
r = [[-7.64921926  4.82533366 -6.74237086]
 [-5.71434114  4.51456254 -7.01109777]
 [-7.05220871 -8.16220005 -3.40399951]
 [-1.04956444  8.24965432  5.54944331]]: 0.13656473372663772
r = [[-7.64921926  4.82533366 -6.74237086]
 [-5.71434114  4.51456254 -7.01109777]
 [-7.05220871 -8.16220005 -3.40399951]
 [-1.04956444  8.24965432  5.54944331]]: 0.057875914233071465
