r = [[1.73824638 1.09733644 1.68969501]
 [1.2006329  0.87127254 0.73286076]
 [0.41728271 1.32330559 1.62580537]
 [1.18703182 1.21229305 0.03991163]]: 0.00012363671651525822
r = [[1.73824638 1.09733644 1.68969501]
 [1.2006329  0.87127254 0.73286076]
 [0.41728271 1.32330559 1.62580537]
 [1.18703182 1.21229305 0.03991163]]: 3.1435539540325408e-06
r = [[1.73824638 1.09733644 1.68969501]
 [1.2006329  0.87127254 0.73286076]
 [0.41728271 1.32330559 1.62580537]
 [1.18703182 1.21229305 0.03991163]]: 2.445385533584548e-05
r = [[1.73824638 1.09733644 1.68969501]
 [1.2006329  0.87127254 0.73286076]
 [0.41728271 1.32330559 1.62580537]
 [1.18703182 1.21229305 0.03991163]]: 0.0001697932389756066
r = [[1.73824638 1.09733644 1.68969501]
 [1.2006329  0.87127254 0.73286076]
 [0.41728271 1.32330559 1.62580537]
 [1.18703182 1.21229305 0.03991163]]: 9.640709504310507e-05
r = [[1.73824638 1.09733644 1.68969501]
 [1.2006329  0.87127254 0.73286076]
 [0.41728271 1.32330559 1.62580537]
 [1.18703182 1.21229305 0.03991163]]: 1.8667258570660904e-05
r = [[1.73824638 1.09733644 1.68969501]
 [1.2006329  0.87127254 0.73286076]
 [0.41728271 1.32330559 1.62580537]
 [1.18703182 1.21229305 0.03991163]]: 0.0006238339509374262
r = [[1.73824638 1.09733644 1.68969501]
 [1.2006329  0.87127254 0.73286076]
 [0.41728271 1.32330559 1.62580537]
 [1.18703182 1.21229305 0.03991163]]: 0.00022711992798057118
r = [[1.73824638 1.09733644 1.68969501]
 [1.2006329  0.87127254 0.73286076]
 [0.41728271 1.32330559 1.62580537]
 [1.18703182 1.21229305 0.03991163]]: 1.5794046735858762e-06
r = [[1.73824638 1.09733644 1.68969501]
 [1.2006329  0.87127254 0.73286076]
 [0.41728271 1.32330559 1.62580537]
 [1.18703182 1.21229305 0.03991163]]: 4.7536121980686274e-05
