r = [[-3.25212328 -3.97784789 -6.26790324]
 [ 2.15551957 -5.83834014 -0.63724275]
 [ 3.55670643  8.98377576 -4.6859274 ]
 [ 5.97042205  5.65520199  3.79792615]]: 0.10928937446858202
r = [[-3.25212328 -3.97784789 -6.26790324]
 [ 2.15551957 -5.83834014 -0.63724275]
 [ 3.55670643  8.98377576 -4.6859274 ]
 [ 5.97042205  5.65520199  3.79792615]]: 0.001034009041697053
r = [[-3.25212328 -3.97784789 -6.26790324]
 [ 2.15551957 -5.83834014 -0.63724275]
 [ 3.55670643  8.98377576 -4.6859274 ]
 [ 5.97042205  5.65520199  3.79792615]]: 0.058223986865154335
r = [[-3.25212328 -3.97784789 -6.26790324]
 [ 2.15551957 -5.83834014 -0.63724275]
 [ 3.55670643  8.98377576 -4.6859274 ]
 [ 5.97042205  5.65520199  3.79792615]]: 0.0285845013069255
r = [[-3.25212328 -3.97784789 -6.26790324]
 [ 2.15551957 -5.83834014 -0.63724275]
 [ 3.55670643  8.98377576 -4.6859274 ]
 [ 5.97042205  5.65520199  3.79792615]]: 0.018169963266700506
r = [[-3.25212328 -3.97784789 -6.26790324]
 [ 2.15551957 -5.83834014 -0.63724275]
 [ 3.55670643  8.98377576 -4.6859274 ]
 [ 5.97042205  5.65520199  3.79792615]]: 0.0006731690414848604
r = [[-3.25212328 -3.97784789 -6.26790324]
 [ 2.15551957 -5.83834014 -0.63724275]
 [ 3.55670643  8.98377576 -4.6859274 ]
 [ 5.97042205  5.65520199  3.79792615]]: 0.0484641862234899
r = [[-3.25212328 -3.97784789 -6.26790324]
 [ 2.15551957 -5.83834014 -0.63724275]
 [ 3.55670643  8.98377576 -4.6859274 ]
 [ 5.97042205  5.65520199  3.79792615]]: 0.001153733506466129
r = [[-3.25212328 -3.97784789 -6.26790324]
 [ 2.15551957 -5.83834014 -0.63724275]
 [ 3.55670643  8.98377576 -4.6859274 ]
 [ 5.97042205  5.65520199  3.79792615]]: 0.02024423038320882
r = [[-3.25212328 -3.97784789 -6.26790324]
 [ 2.15551957 -5.83834014 -0.63724275]
 [ 3.55670643  8.98377576 -4.6859274 ]
 [ 5.97042205  5.65520199  3.79792615]]: 0.0009925083639765425
