r = [[10.42631724  2.87578178  1.24556659]
 [ 1.94617964  2.43968865  4.09646701]
 [-0.91375617 -8.37211783 13.09074628]
 [ 4.58401472 -0.54122384  1.41624286]]: 0.08296988452119487
r = [[10.42631724  2.87578178  1.24556659]
 [ 1.94617964  2.43968865  4.09646701]
 [-0.91375617 -8.37211783 13.09074628]
 [ 4.58401472 -0.54122384  1.41624286]]: 0.009166248608380556
r = [[10.42631724  2.87578178  1.24556659]
 [ 1.94617964  2.43968865  4.09646701]
 [-0.91375617 -8.37211783 13.09074628]
 [ 4.58401472 -0.54122384  1.41624286]]: 0.0006976785246349339
r = [[10.42631724  2.87578178  1.24556659]
 [ 1.94617964  2.43968865  4.09646701]
 [-0.91375617 -8.37211783 13.09074628]
 [ 4.58401472 -0.54122384  1.41624286]]: 0.0003914913977496326
r = [[10.42631724  2.87578178  1.24556659]
 [ 1.94617964  2.43968865  4.09646701]
 [-0.91375617 -8.37211783 13.09074628]
 [ 4.58401472 -0.54122384  1.41624286]]: 0.01252559243169214
r = [[10.42631724  2.87578178  1.24556659]
 [ 1.94617964  2.43968865  4.09646701]
 [-0.91375617 -8.37211783 13.09074628]
 [ 4.58401472 -0.54122384  1.41624286]]: 0.016118258437407867
r = [[10.42631724  2.87578178  1.24556659]
 [ 1.94617964  2.43968865  4.09646701]
 [-0.91375617 -8.37211783 13.09074628]
 [ 4.58401472 -0.54122384  1.41624286]]: 0.0010952095284924976
r = [[10.42631724  2.87578178  1.24556659]
 [ 1.94617964  2.43968865  4.09646701]
 [-0.91375617 -8.37211783 13.09074628]
 [ 4.58401472 -0.54122384  1.41624286]]: 0.07854053471237421
r = [[10.42631724  2.87578178  1.24556659]
 [ 1.94617964  2.43968865  4.09646701]
 [-0.91375617 -8.37211783 13.09074628]
 [ 4.58401472 -0.54122384  1.41624286]]: 0.07209792147789683
r = [[10.42631724  2.87578178  1.24556659]
 [ 1.94617964  2.43968865  4.09646701]
 [-0.91375617 -8.37211783 13.09074628]
 [ 4.58401472 -0.54122384  1.41624286]]: 0.006967498388673578
