r = [[0.60898538 0.0167821  0.8009786 ]
 [1.18961645 0.17882891 0.53932896]
 [1.44628728 0.95897286 1.81888918]
 [1.45208276 1.92541278 0.64865531]]: 2.1609320486147355e-05
r = [[0.60898538 0.0167821  0.8009786 ]
 [1.18961645 0.17882891 0.53932896]
 [1.44628728 0.95897286 1.81888918]
 [1.45208276 1.92541278 0.64865531]]: 5.306753207280833e-06
r = [[0.60898538 0.0167821  0.8009786 ]
 [1.18961645 0.17882891 0.53932896]
 [1.44628728 0.95897286 1.81888918]
 [1.45208276 1.92541278 0.64865531]]: 8.549767244403483e-06
r = [[0.60898538 0.0167821  0.8009786 ]
 [1.18961645 0.17882891 0.53932896]
 [1.44628728 0.95897286 1.81888918]
 [1.45208276 1.92541278 0.64865531]]: 0.00017987791735712172
r = [[0.60898538 0.0167821  0.8009786 ]
 [1.18961645 0.17882891 0.53932896]
 [1.44628728 0.95897286 1.81888918]
 [1.45208276 1.92541278 0.64865531]]: 0.0001912821280711796
r = [[0.60898538 0.0167821  0.8009786 ]
 [1.18961645 0.17882891 0.53932896]
 [1.44628728 0.95897286 1.81888918]
 [1.45208276 1.92541278 0.64865531]]: 0.00010658567355546569
r = [[0.60898538 0.0167821  0.8009786 ]
 [1.18961645 0.17882891 0.53932896]
 [1.44628728 0.95897286 1.81888918]
 [1.45208276 1.92541278 0.64865531]]: 0.00024311341024128654
r = [[0.60898538 0.0167821  0.8009786 ]
 [1.18961645 0.17882891 0.53932896]
 [1.44628728 0.95897286 1.81888918]
 [1.45208276 1.92541278 0.64865531]]: 2.3907363096701113e-05
r = [[0.60898538 0.0167821  0.8009786 ]
 [1.18961645 0.17882891 0.53932896]
 [1.44628728 0.95897286 1.81888918]
 [1.45208276 1.92541278 0.64865531]]: 1.1027814382811942e-05
r = [[0.60898538 0.0167821  0.8009786 ]
 [1.18961645 0.17882891 0.53932896]
 [1.44628728 0.95897286 1.81888918]
 [1.45208276 1.92541278 0.64865531]]: 8.75798421995049e-05
