r = [[0.10181553 0.25408792 0.10536134]
 [1.33117964 1.55934201 1.12337225]
 [1.3611532  0.73798319 0.24922733]
 [0.25804623 0.82711702 1.54614216]]: 2.200206267843896e-06
r = [[0.10181553 0.25408792 0.10536134]
 [1.33117964 1.55934201 1.12337225]
 [1.3611532  0.73798319 0.24922733]
 [0.25804623 0.82711702 1.54614216]]: 0.0009406845700660986
r = [[0.10181553 0.25408792 0.10536134]
 [1.33117964 1.55934201 1.12337225]
 [1.3611532  0.73798319 0.24922733]
 [0.25804623 0.82711702 1.54614216]]: 7.824963501791769e-05
r = [[0.10181553 0.25408792 0.10536134]
 [1.33117964 1.55934201 1.12337225]
 [1.3611532  0.73798319 0.24922733]
 [0.25804623 0.82711702 1.54614216]]: 2.5711637233273777e-06
r = [[0.10181553 0.25408792 0.10536134]
 [1.33117964 1.55934201 1.12337225]
 [1.3611532  0.73798319 0.24922733]
 [0.25804623 0.82711702 1.54614216]]: 3.794982486786986e-05
r = [[0.10181553 0.25408792 0.10536134]
 [1.33117964 1.55934201 1.12337225]
 [1.3611532  0.73798319 0.24922733]
 [0.25804623 0.82711702 1.54614216]]: 0.0001996512000914663
r = [[0.10181553 0.25408792 0.10536134]
 [1.33117964 1.55934201 1.12337225]
 [1.3611532  0.73798319 0.24922733]
 [0.25804623 0.82711702 1.54614216]]: 0.0012449857011753401
r = [[0.10181553 0.25408792 0.10536134]
 [1.33117964 1.55934201 1.12337225]
 [1.3611532  0.73798319 0.24922733]
 [0.25804623 0.82711702 1.54614216]]: 2.299002265512432e-06
r = [[0.10181553 0.25408792 0.10536134]
 [1.33117964 1.55934201 1.12337225]
 [1.3611532  0.73798319 0.24922733]
 [0.25804623 0.82711702 1.54614216]]: 7.022105364740128e-06
r = [[0.10181553 0.25408792 0.10536134]
 [1.33117964 1.55934201 1.12337225]
 [1.3611532  0.73798319 0.24922733]
 [0.25804623 0.82711702 1.54614216]]: 0.00017017890968418214
