r = [[ -0.89801107   4.71775271   3.603063  ]
 [ 13.40084559  -1.47807079   1.57241703]
 [-15.77827414  12.10657554   1.85352225]
 [  3.9117594  -12.12557374  -0.93725827]]: 0.02705326446864222
r = [[ -0.89801107   4.71775271   3.603063  ]
 [ 13.40084559  -1.47807079   1.57241703]
 [-15.77827414  12.10657554   1.85352225]
 [  3.9117594  -12.12557374  -0.93725827]]: 0.010871318601337927
r = [[ -0.89801107   4.71775271   3.603063  ]
 [ 13.40084559  -1.47807079   1.57241703]
 [-15.77827414  12.10657554   1.85352225]
 [  3.9117594  -12.12557374  -0.93725827]]: 0.017541502602398396
r = [[ -0.89801107   4.71775271   3.603063  ]
 [ 13.40084559  -1.47807079   1.57241703]
 [-15.77827414  12.10657554   1.85352225]
 [  3.9117594  -12.12557374  -0.93725827]]: 0.007833503419533372
r = [[ -0.89801107   4.71775271   3.603063  ]
 [ 13.40084559  -1.47807079   1.57241703]
 [-15.77827414  12.10657554   1.85352225]
 [  3.9117594  -12.12557374  -0.93725827]]: 0.0023187613779945032
r = [[ -0.89801107   4.71775271   3.603063  ]
 [ 13.40084559  -1.47807079   1.57241703]
 [-15.77827414  12.10657554   1.85352225]
 [  3.9117594  -12.12557374  -0.93725827]]: 0.0029285858451787916
r = [[ -0.89801107   4.71775271   3.603063  ]
 [ 13.40084559  -1.47807079   1.57241703]
 [-15.77827414  12.10657554   1.85352225]
 [  3.9117594  -12.12557374  -0.93725827]]: 0.0010283014604023524
r = [[ -0.89801107   4.71775271   3.603063  ]
 [ 13.40084559  -1.47807079   1.57241703]
 [-15.77827414  12.10657554   1.85352225]
 [  3.9117594  -12.12557374  -0.93725827]]: 0.0008341925401639726
r = [[ -0.89801107   4.71775271   3.603063  ]
 [ 13.40084559  -1.47807079   1.57241703]
 [-15.77827414  12.10657554   1.85352225]
 [  3.9117594  -12.12557374  -0.93725827]]: 0.042854156478175094
r = [[ -0.89801107   4.71775271   3.603063  ]
 [ 13.40084559  -1.47807079   1.57241703]
 [-15.77827414  12.10657554   1.85352225]
 [  3.9117594  -12.12557374  -0.93725827]]: 0.04437833236131285
