r = [[-7.05258677 -0.3034807   0.53552133]
 [ 6.5551785  -8.4481794   6.58003673]
 [ 0.76173119 -8.83784637 11.74574418]
 [11.95021992 16.94519947 -8.49812805]]: 0.002702988368192954
r = [[-7.05258677 -0.3034807   0.53552133]
 [ 6.5551785  -8.4481794   6.58003673]
 [ 0.76173119 -8.83784637 11.74574418]
 [11.95021992 16.94519947 -8.49812805]]: 0.47283828577825
r = [[-7.05258677 -0.3034807   0.53552133]
 [ 6.5551785  -8.4481794   6.58003673]
 [ 0.76173119 -8.83784637 11.74574418]
 [11.95021992 16.94519947 -8.49812805]]: 0.06469430521662746
r = [[-7.05258677 -0.3034807   0.53552133]
 [ 6.5551785  -8.4481794   6.58003673]
 [ 0.76173119 -8.83784637 11.74574418]
 [11.95021992 16.94519947 -8.49812805]]: 0.003190193491588746
r = [[-7.05258677 -0.3034807   0.53552133]
 [ 6.5551785  -8.4481794   6.58003673]
 [ 0.76173119 -8.83784637 11.74574418]
 [11.95021992 16.94519947 -8.49812805]]: 0.0007852897147781082
r = [[-7.05258677 -0.3034807   0.53552133]
 [ 6.5551785  -8.4481794   6.58003673]
 [ 0.76173119 -8.83784637 11.74574418]
 [11.95021992 16.94519947 -8.49812805]]: 0.04454539626437638
r = [[-7.05258677 -0.3034807   0.53552133]
 [ 6.5551785  -8.4481794   6.58003673]
 [ 0.76173119 -8.83784637 11.74574418]
 [11.95021992 16.94519947 -8.49812805]]: 0.01669303553977183
r = [[-7.05258677 -0.3034807   0.53552133]
 [ 6.5551785  -8.4481794   6.58003673]
 [ 0.76173119 -8.83784637 11.74574418]
 [11.95021992 16.94519947 -8.49812805]]: 0.04267410188913345
r = [[-7.05258677 -0.3034807   0.53552133]
 [ 6.5551785  -8.4481794   6.58003673]
 [ 0.76173119 -8.83784637 11.74574418]
 [11.95021992 16.94519947 -8.49812805]]: 0.060363098446811946
r = [[-7.05258677 -0.3034807   0.53552133]
 [ 6.5551785  -8.4481794   6.58003673]
 [ 0.76173119 -8.83784637 11.74574418]
 [11.95021992 16.94519947 -8.49812805]]: 0.02395653392055205
