r = [[-3.18962073 -2.77844899  3.99573175]
 [ 2.84677509  0.35302136 -8.66244509]
 [-1.48841433 -4.01177107  2.82530658]
 [ 7.12571104  2.29324021  6.31066909]]: 0.0012980177541196878
r = [[-3.18962073 -2.77844899  3.99573175]
 [ 2.84677509  0.35302136 -8.66244509]
 [-1.48841433 -4.01177107  2.82530658]
 [ 7.12571104  2.29324021  6.31066909]]: 0.001670263965414571
r = [[-3.18962073 -2.77844899  3.99573175]
 [ 2.84677509  0.35302136 -8.66244509]
 [-1.48841433 -4.01177107  2.82530658]
 [ 7.12571104  2.29324021  6.31066909]]: 0.024741784586305066
r = [[-3.18962073 -2.77844899  3.99573175]
 [ 2.84677509  0.35302136 -8.66244509]
 [-1.48841433 -4.01177107  2.82530658]
 [ 7.12571104  2.29324021  6.31066909]]: 0.06391175689974002
r = [[-3.18962073 -2.77844899  3.99573175]
 [ 2.84677509  0.35302136 -8.66244509]
 [-1.48841433 -4.01177107  2.82530658]
 [ 7.12571104  2.29324021  6.31066909]]: 0.007780084053852728
r = [[-3.18962073 -2.77844899  3.99573175]
 [ 2.84677509  0.35302136 -8.66244509]
 [-1.48841433 -4.01177107  2.82530658]
 [ 7.12571104  2.29324021  6.31066909]]: 0.016496762234185423
r = [[-3.18962073 -2.77844899  3.99573175]
 [ 2.84677509  0.35302136 -8.66244509]
 [-1.48841433 -4.01177107  2.82530658]
 [ 7.12571104  2.29324021  6.31066909]]: 0.00033262677191357525
r = [[-3.18962073 -2.77844899  3.99573175]
 [ 2.84677509  0.35302136 -8.66244509]
 [-1.48841433 -4.01177107  2.82530658]
 [ 7.12571104  2.29324021  6.31066909]]: 0.15401453471609525
r = [[-3.18962073 -2.77844899  3.99573175]
 [ 2.84677509  0.35302136 -8.66244509]
 [-1.48841433 -4.01177107  2.82530658]
 [ 7.12571104  2.29324021  6.31066909]]: 0.01462637762805181
r = [[-3.18962073 -2.77844899  3.99573175]
 [ 2.84677509  0.35302136 -8.66244509]
 [-1.48841433 -4.01177107  2.82530658]
 [ 7.12571104  2.29324021  6.31066909]]: 0.00027936885037758784
