r = [[ 2.38649446  7.96277293  0.04726621]
 [-4.71941083  7.89553699  1.56389362]
 [-0.58175253 -6.07444925 -6.0773146 ]
 [ 0.31797545 -4.10464913 -1.48788539]]: 0.005527883202635816
r = [[ 2.38649446  7.96277293  0.04726621]
 [-4.71941083  7.89553699  1.56389362]
 [-0.58175253 -6.07444925 -6.0773146 ]
 [ 0.31797545 -4.10464913 -1.48788539]]: 0.0012387751900990094
r = [[ 2.38649446  7.96277293  0.04726621]
 [-4.71941083  7.89553699  1.56389362]
 [-0.58175253 -6.07444925 -6.0773146 ]
 [ 0.31797545 -4.10464913 -1.48788539]]: 0.06412952752517802
r = [[ 2.38649446  7.96277293  0.04726621]
 [-4.71941083  7.89553699  1.56389362]
 [-0.58175253 -6.07444925 -6.0773146 ]
 [ 0.31797545 -4.10464913 -1.48788539]]: 0.02532528354121106
r = [[ 2.38649446  7.96277293  0.04726621]
 [-4.71941083  7.89553699  1.56389362]
 [-0.58175253 -6.07444925 -6.0773146 ]
 [ 0.31797545 -4.10464913 -1.48788539]]: 0.008804617299964386
r = [[ 2.38649446  7.96277293  0.04726621]
 [-4.71941083  7.89553699  1.56389362]
 [-0.58175253 -6.07444925 -6.0773146 ]
 [ 0.31797545 -4.10464913 -1.48788539]]: 0.011182077761207308
r = [[ 2.38649446  7.96277293  0.04726621]
 [-4.71941083  7.89553699  1.56389362]
 [-0.58175253 -6.07444925 -6.0773146 ]
 [ 0.31797545 -4.10464913 -1.48788539]]: 0.03569185820275119
r = [[ 2.38649446  7.96277293  0.04726621]
 [-4.71941083  7.89553699  1.56389362]
 [-0.58175253 -6.07444925 -6.0773146 ]
 [ 0.31797545 -4.10464913 -1.48788539]]: 0.016949448202337538
r = [[ 2.38649446  7.96277293  0.04726621]
 [-4.71941083  7.89553699  1.56389362]
 [-0.58175253 -6.07444925 -6.0773146 ]
 [ 0.31797545 -4.10464913 -1.48788539]]: 0.004979444418235549
r = [[ 2.38649446  7.96277293  0.04726621]
 [-4.71941083  7.89553699  1.56389362]
 [-0.58175253 -6.07444925 -6.0773146 ]
 [ 0.31797545 -4.10464913 -1.48788539]]: 0.02709156853545989
