r = [[-7.27808257  1.66492484  7.15439281]
 [-0.77378186  9.58508327 -8.18551665]
 [-1.1842465  11.88312921  3.52647   ]
 [ 6.49337588  1.48660463 -5.18942811]]: 0.020890035832832967
r = [[-7.27808257  1.66492484  7.15439281]
 [-0.77378186  9.58508327 -8.18551665]
 [-1.1842465  11.88312921  3.52647   ]
 [ 6.49337588  1.48660463 -5.18942811]]: 0.05514196492731571
r = [[-7.27808257  1.66492484  7.15439281]
 [-0.77378186  9.58508327 -8.18551665]
 [-1.1842465  11.88312921  3.52647   ]
 [ 6.49337588  1.48660463 -5.18942811]]: 0.0017216740691635226
r = [[-7.27808257  1.66492484  7.15439281]
 [-0.77378186  9.58508327 -8.18551665]
 [-1.1842465  11.88312921  3.52647   ]
 [ 6.49337588  1.48660463 -5.18942811]]: 0.013114249100908637
r = [[-7.27808257  1.66492484  7.15439281]
 [-0.77378186  9.58508327 -8.18551665]
 [-1.1842465  11.88312921  3.52647   ]
 [ 6.49337588  1.48660463 -5.18942811]]: 0.010253582632036082
r = [[-7.27808257  1.66492484  7.15439281]
 [-0.77378186  9.58508327 -8.18551665]
 [-1.1842465  11.88312921  3.52647   ]
 [ 6.49337588  1.48660463 -5.18942811]]: 0.11062896570989064
r = [[-7.27808257  1.66492484  7.15439281]
 [-0.77378186  9.58508327 -8.18551665]
 [-1.1842465  11.88312921  3.52647   ]
 [ 6.49337588  1.48660463 -5.18942811]]: 0.01635281166194805
r = [[-7.27808257  1.66492484  7.15439281]
 [-0.77378186  9.58508327 -8.18551665]
 [-1.1842465  11.88312921  3.52647   ]
 [ 6.49337588  1.48660463 -5.18942811]]: 0.001331556763034314
r = [[-7.27808257  1.66492484  7.15439281]
 [-0.77378186  9.58508327 -8.18551665]
 [-1.1842465  11.88312921  3.52647   ]
 [ 6.49337588  1.48660463 -5.18942811]]: 0.03292604928304042
r = [[-7.27808257  1.66492484  7.15439281]
 [-0.77378186  9.58508327 -8.18551665]
 [-1.1842465  11.88312921  3.52647   ]
 [ 6.49337588  1.48660463 -5.18942811]]: 0.0005213134697571929
