r = [[0.72703333 1.64442764 1.7393326 ]
 [0.54978243 0.70646559 0.03064914]
 [1.09689785 0.40115417 0.05784401]
 [0.06326334 0.44474443 1.64390597]]: 7.285643550858367e-05
r = [[0.72703333 1.64442764 1.7393326 ]
 [0.54978243 0.70646559 0.03064914]
 [1.09689785 0.40115417 0.05784401]
 [0.06326334 0.44474443 1.64390597]]: 2.576012034946221e-05
r = [[0.72703333 1.64442764 1.7393326 ]
 [0.54978243 0.70646559 0.03064914]
 [1.09689785 0.40115417 0.05784401]
 [0.06326334 0.44474443 1.64390597]]: 0.0003532382948573546
r = [[0.72703333 1.64442764 1.7393326 ]
 [0.54978243 0.70646559 0.03064914]
 [1.09689785 0.40115417 0.05784401]
 [0.06326334 0.44474443 1.64390597]]: 1.494740328260897e-05
r = [[0.72703333 1.64442764 1.7393326 ]
 [0.54978243 0.70646559 0.03064914]
 [1.09689785 0.40115417 0.05784401]
 [0.06326334 0.44474443 1.64390597]]: 8.96150096585708e-05
r = [[0.72703333 1.64442764 1.7393326 ]
 [0.54978243 0.70646559 0.03064914]
 [1.09689785 0.40115417 0.05784401]
 [0.06326334 0.44474443 1.64390597]]: 1.942870819350771e-05
r = [[0.72703333 1.64442764 1.7393326 ]
 [0.54978243 0.70646559 0.03064914]
 [1.09689785 0.40115417 0.05784401]
 [0.06326334 0.44474443 1.64390597]]: 0.0007707981089229829
r = [[0.72703333 1.64442764 1.7393326 ]
 [0.54978243 0.70646559 0.03064914]
 [1.09689785 0.40115417 0.05784401]
 [0.06326334 0.44474443 1.64390597]]: 2.4262970847693005e-05
r = [[0.72703333 1.64442764 1.7393326 ]
 [0.54978243 0.70646559 0.03064914]
 [1.09689785 0.40115417 0.05784401]
 [0.06326334 0.44474443 1.64390597]]: 0.000577132057514973
r = [[0.72703333 1.64442764 1.7393326 ]
 [0.54978243 0.70646559 0.03064914]
 [1.09689785 0.40115417 0.05784401]
 [0.06326334 0.44474443 1.64390597]]: 3.4524674025046157e-06
