r = [[1.53046947 1.74192094 0.98541313]
 [1.43510032 1.56005952 0.53573937]
 [1.01406908 0.19597636 1.05969648]
 [0.30788636 0.3355484  1.76676439]]: 5.822642145046432e-05
r = [[1.53046947 1.74192094 0.98541313]
 [1.43510032 1.56005952 0.53573937]
 [1.01406908 0.19597636 1.05969648]
 [0.30788636 0.3355484  1.76676439]]: 0.00018124409169623896
r = [[1.53046947 1.74192094 0.98541313]
 [1.43510032 1.56005952 0.53573937]
 [1.01406908 0.19597636 1.05969648]
 [0.30788636 0.3355484  1.76676439]]: 3.853501688614155e-05
r = [[1.53046947 1.74192094 0.98541313]
 [1.43510032 1.56005952 0.53573937]
 [1.01406908 0.19597636 1.05969648]
 [0.30788636 0.3355484  1.76676439]]: 0.0002815088737406768
r = [[1.53046947 1.74192094 0.98541313]
 [1.43510032 1.56005952 0.53573937]
 [1.01406908 0.19597636 1.05969648]
 [0.30788636 0.3355484  1.76676439]]: 1.45770835453212e-06
r = [[1.53046947 1.74192094 0.98541313]
 [1.43510032 1.56005952 0.53573937]
 [1.01406908 0.19597636 1.05969648]
 [0.30788636 0.3355484  1.76676439]]: 0.00037628721448917143
r = [[1.53046947 1.74192094 0.98541313]
 [1.43510032 1.56005952 0.53573937]
 [1.01406908 0.19597636 1.05969648]
 [0.30788636 0.3355484  1.76676439]]: 0.00021909527224904326
r = [[1.53046947 1.74192094 0.98541313]
 [1.43510032 1.56005952 0.53573937]
 [1.01406908 0.19597636 1.05969648]
 [0.30788636 0.3355484  1.76676439]]: 1.1878439571384141e-05
r = [[1.53046947 1.74192094 0.98541313]
 [1.43510032 1.56005952 0.53573937]
 [1.01406908 0.19597636 1.05969648]
 [0.30788636 0.3355484  1.76676439]]: 0.0004522908888507767
r = [[1.53046947 1.74192094 0.98541313]
 [1.43510032 1.56005952 0.53573937]
 [1.01406908 0.19597636 1.05969648]
 [0.30788636 0.3355484  1.76676439]]: 0.000962742034711742
