r = [[1.94140601 1.20193827 1.66112009]
 [0.42893873 1.29913123 1.6903639 ]
 [0.14122979 0.2573977  0.25330255]
 [1.67159154 1.29543754 1.58145043]]: 4.939131421061964e-06
r = [[1.94140601 1.20193827 1.66112009]
 [0.42893873 1.29913123 1.6903639 ]
 [0.14122979 0.2573977  0.25330255]
 [1.67159154 1.29543754 1.58145043]]: 0.0008456253500688555
r = [[1.94140601 1.20193827 1.66112009]
 [0.42893873 1.29913123 1.6903639 ]
 [0.14122979 0.2573977  0.25330255]
 [1.67159154 1.29543754 1.58145043]]: 0.00011201567342920628
r = [[1.94140601 1.20193827 1.66112009]
 [0.42893873 1.29913123 1.6903639 ]
 [0.14122979 0.2573977  0.25330255]
 [1.67159154 1.29543754 1.58145043]]: 0.00067728352483495
r = [[1.94140601 1.20193827 1.66112009]
 [0.42893873 1.29913123 1.6903639 ]
 [0.14122979 0.2573977  0.25330255]
 [1.67159154 1.29543754 1.58145043]]: 2.3651652554690372e-05
r = [[1.94140601 1.20193827 1.66112009]
 [0.42893873 1.29913123 1.6903639 ]
 [0.14122979 0.2573977  0.25330255]
 [1.67159154 1.29543754 1.58145043]]: 5.664182416304746e-06
r = [[1.94140601 1.20193827 1.66112009]
 [0.42893873 1.29913123 1.6903639 ]
 [0.14122979 0.2573977  0.25330255]
 [1.67159154 1.29543754 1.58145043]]: 0.0008495823214096683
r = [[1.94140601 1.20193827 1.66112009]
 [0.42893873 1.29913123 1.6903639 ]
 [0.14122979 0.2573977  0.25330255]
 [1.67159154 1.29543754 1.58145043]]: 0.0002671620768524008
r = [[1.94140601 1.20193827 1.66112009]
 [0.42893873 1.29913123 1.6903639 ]
 [0.14122979 0.2573977  0.25330255]
 [1.67159154 1.29543754 1.58145043]]: 5.5216039527294924e-06
r = [[1.94140601 1.20193827 1.66112009]
 [0.42893873 1.29913123 1.6903639 ]
 [0.14122979 0.2573977  0.25330255]
 [1.67159154 1.29543754 1.58145043]]: 0.0003543817432988102
