r = [[-2.01656198  7.31936132  4.87676785]
 [ 3.40242514 -6.38052748 15.07830777]
 [ 0.37121207  1.90160259  1.22076337]
 [-2.45589537 -2.5650927  -6.90963959]]: 0.046600805329424996
r = [[-2.01656198  7.31936132  4.87676785]
 [ 3.40242514 -6.38052748 15.07830777]
 [ 0.37121207  1.90160259  1.22076337]
 [-2.45589537 -2.5650927  -6.90963959]]: 0.00031111662558812114
r = [[-2.01656198  7.31936132  4.87676785]
 [ 3.40242514 -6.38052748 15.07830777]
 [ 0.37121207  1.90160259  1.22076337]
 [-2.45589537 -2.5650927  -6.90963959]]: 0.005321902123146823
r = [[-2.01656198  7.31936132  4.87676785]
 [ 3.40242514 -6.38052748 15.07830777]
 [ 0.37121207  1.90160259  1.22076337]
 [-2.45589537 -2.5650927  -6.90963959]]: 0.000684460047133533
r = [[-2.01656198  7.31936132  4.87676785]
 [ 3.40242514 -6.38052748 15.07830777]
 [ 0.37121207  1.90160259  1.22076337]
 [-2.45589537 -2.5650927  -6.90963959]]: 0.10041813552379608
r = [[-2.01656198  7.31936132  4.87676785]
 [ 3.40242514 -6.38052748 15.07830777]
 [ 0.37121207  1.90160259  1.22076337]
 [-2.45589537 -2.5650927  -6.90963959]]: 0.006560983518803758
r = [[-2.01656198  7.31936132  4.87676785]
 [ 3.40242514 -6.38052748 15.07830777]
 [ 0.37121207  1.90160259  1.22076337]
 [-2.45589537 -2.5650927  -6.90963959]]: 0.0009174696668716413
r = [[-2.01656198  7.31936132  4.87676785]
 [ 3.40242514 -6.38052748 15.07830777]
 [ 0.37121207  1.90160259  1.22076337]
 [-2.45589537 -2.5650927  -6.90963959]]: 0.019417727632181987
r = [[-2.01656198  7.31936132  4.87676785]
 [ 3.40242514 -6.38052748 15.07830777]
 [ 0.37121207  1.90160259  1.22076337]
 [-2.45589537 -2.5650927  -6.90963959]]: 0.06420847573982817
r = [[-2.01656198  7.31936132  4.87676785]
 [ 3.40242514 -6.38052748 15.07830777]
 [ 0.37121207  1.90160259  1.22076337]
 [-2.45589537 -2.5650927  -6.90963959]]: 0.012363205730382885
