r = [[ -5.2234935   -3.55300328   4.02275448]
 [ -1.7880752   -1.25556923  -3.31350508]
 [  7.84071273   4.41250475 -13.10327065]
 [ 13.05869048  -3.96664681  -3.16469929]]: 0.0025833650724962354
r = [[ -5.2234935   -3.55300328   4.02275448]
 [ -1.7880752   -1.25556923  -3.31350508]
 [  7.84071273   4.41250475 -13.10327065]
 [ 13.05869048  -3.96664681  -3.16469929]]: 0.008919957493032728
r = [[ -5.2234935   -3.55300328   4.02275448]
 [ -1.7880752   -1.25556923  -3.31350508]
 [  7.84071273   4.41250475 -13.10327065]
 [ 13.05869048  -3.96664681  -3.16469929]]: 0.028282685072294304
r = [[ -5.2234935   -3.55300328   4.02275448]
 [ -1.7880752   -1.25556923  -3.31350508]
 [  7.84071273   4.41250475 -13.10327065]
 [ 13.05869048  -3.96664681  -3.16469929]]: 0.029911120422184467
r = [[ -5.2234935   -3.55300328   4.02275448]
 [ -1.7880752   -1.25556923  -3.31350508]
 [  7.84071273   4.41250475 -13.10327065]
 [ 13.05869048  -3.96664681  -3.16469929]]: 0.017514668637886643
r = [[ -5.2234935   -3.55300328   4.02275448]
 [ -1.7880752   -1.25556923  -3.31350508]
 [  7.84071273   4.41250475 -13.10327065]
 [ 13.05869048  -3.96664681  -3.16469929]]: 0.0009446473060441869
r = [[ -5.2234935   -3.55300328   4.02275448]
 [ -1.7880752   -1.25556923  -3.31350508]
 [  7.84071273   4.41250475 -13.10327065]
 [ 13.05869048  -3.96664681  -3.16469929]]: 0.0006856061892384398
r = [[ -5.2234935   -3.55300328   4.02275448]
 [ -1.7880752   -1.25556923  -3.31350508]
 [  7.84071273   4.41250475 -13.10327065]
 [ 13.05869048  -3.96664681  -3.16469929]]: 0.05308667616918683
r = [[ -5.2234935   -3.55300328   4.02275448]
 [ -1.7880752   -1.25556923  -3.31350508]
 [  7.84071273   4.41250475 -13.10327065]
 [ 13.05869048  -3.96664681  -3.16469929]]: 0.0006780650001019239
r = [[ -5.2234935   -3.55300328   4.02275448]
 [ -1.7880752   -1.25556923  -3.31350508]
 [  7.84071273   4.41250475 -13.10327065]
 [ 13.05869048  -3.96664681  -3.16469929]]: 0.0007747194696483868
