r = [[0.84189115 0.46865794 1.18768824]
 [0.1327666  0.38169607 0.9263402 ]
 [1.2392879  0.19874612 1.30956431]
 [1.08376864 0.49850443 0.00149653]]: 0.0009468671487411484
r = [[0.84189115 0.46865794 1.18768824]
 [0.1327666  0.38169607 0.9263402 ]
 [1.2392879  0.19874612 1.30956431]
 [1.08376864 0.49850443 0.00149653]]: 1.3560333692501964e-05
r = [[0.84189115 0.46865794 1.18768824]
 [0.1327666  0.38169607 0.9263402 ]
 [1.2392879  0.19874612 1.30956431]
 [1.08376864 0.49850443 0.00149653]]: 4.918328548748312e-06
r = [[0.84189115 0.46865794 1.18768824]
 [0.1327666  0.38169607 0.9263402 ]
 [1.2392879  0.19874612 1.30956431]
 [1.08376864 0.49850443 0.00149653]]: 4.977930711902445e-05
r = [[0.84189115 0.46865794 1.18768824]
 [0.1327666  0.38169607 0.9263402 ]
 [1.2392879  0.19874612 1.30956431]
 [1.08376864 0.49850443 0.00149653]]: 3.149808305481981e-06
r = [[0.84189115 0.46865794 1.18768824]
 [0.1327666  0.38169607 0.9263402 ]
 [1.2392879  0.19874612 1.30956431]
 [1.08376864 0.49850443 0.00149653]]: 5.1614817948575364e-06
r = [[0.84189115 0.46865794 1.18768824]
 [0.1327666  0.38169607 0.9263402 ]
 [1.2392879  0.19874612 1.30956431]
 [1.08376864 0.49850443 0.00149653]]: 0.00012628188791755486
r = [[0.84189115 0.46865794 1.18768824]
 [0.1327666  0.38169607 0.9263402 ]
 [1.2392879  0.19874612 1.30956431]
 [1.08376864 0.49850443 0.00149653]]: 0.0003590719653792413
r = [[0.84189115 0.46865794 1.18768824]
 [0.1327666  0.38169607 0.9263402 ]
 [1.2392879  0.19874612 1.30956431]
 [1.08376864 0.49850443 0.00149653]]: 0.0001716816976633189
r = [[0.84189115 0.46865794 1.18768824]
 [0.1327666  0.38169607 0.9263402 ]
 [1.2392879  0.19874612 1.30956431]
 [1.08376864 0.49850443 0.00149653]]: 0.0004041763718955086
