r = [[ 11.08324257   3.70342124   8.28204025]
 [  3.64382834   7.5214713   10.80793951]
 [  0.22989824   2.91212533 -12.64879849]
 [ -6.43493004 -10.06731196   8.11534162]]: 0.026607554672019824
r = [[ 11.08324257   3.70342124   8.28204025]
 [  3.64382834   7.5214713   10.80793951]
 [  0.22989824   2.91212533 -12.64879849]
 [ -6.43493004 -10.06731196   8.11534162]]: 0.07843071328742164
r = [[ 11.08324257   3.70342124   8.28204025]
 [  3.64382834   7.5214713   10.80793951]
 [  0.22989824   2.91212533 -12.64879849]
 [ -6.43493004 -10.06731196   8.11534162]]: 0.03145019417362554
r = [[ 11.08324257   3.70342124   8.28204025]
 [  3.64382834   7.5214713   10.80793951]
 [  0.22989824   2.91212533 -12.64879849]
 [ -6.43493004 -10.06731196   8.11534162]]: 0.11003420581775052
r = [[ 11.08324257   3.70342124   8.28204025]
 [  3.64382834   7.5214713   10.80793951]
 [  0.22989824   2.91212533 -12.64879849]
 [ -6.43493004 -10.06731196   8.11534162]]: 0.0011575055458316846
r = [[ 11.08324257   3.70342124   8.28204025]
 [  3.64382834   7.5214713   10.80793951]
 [  0.22989824   2.91212533 -12.64879849]
 [ -6.43493004 -10.06731196   8.11534162]]: 0.01484817935020796
r = [[ 11.08324257   3.70342124   8.28204025]
 [  3.64382834   7.5214713   10.80793951]
 [  0.22989824   2.91212533 -12.64879849]
 [ -6.43493004 -10.06731196   8.11534162]]: 0.0266559702743377
r = [[ 11.08324257   3.70342124   8.28204025]
 [  3.64382834   7.5214713   10.80793951]
 [  0.22989824   2.91212533 -12.64879849]
 [ -6.43493004 -10.06731196   8.11534162]]: 0.000978245262688558
r = [[ 11.08324257   3.70342124   8.28204025]
 [  3.64382834   7.5214713   10.80793951]
 [  0.22989824   2.91212533 -12.64879849]
 [ -6.43493004 -10.06731196   8.11534162]]: 0.0030350044669051257
r = [[ 11.08324257   3.70342124   8.28204025]
 [  3.64382834   7.5214713   10.80793951]
 [  0.22989824   2.91212533 -12.64879849]
 [ -6.43493004 -10.06731196   8.11534162]]: 0.0033105314443153994
