r = [[0.93642079 1.06941775 0.16174545]
 [1.24154236 0.46759474 0.61909732]
 [1.06768961 1.58713416 0.64010481]
 [0.44915285 1.84825065 1.00153876]]: 8.839981027059756e-06
r = [[0.93642079 1.06941775 0.16174545]
 [1.24154236 0.46759474 0.61909732]
 [1.06768961 1.58713416 0.64010481]
 [0.44915285 1.84825065 1.00153876]]: 7.561008741114554e-05
r = [[0.93642079 1.06941775 0.16174545]
 [1.24154236 0.46759474 0.61909732]
 [1.06768961 1.58713416 0.64010481]
 [0.44915285 1.84825065 1.00153876]]: 0.00029461283494518805
r = [[0.93642079 1.06941775 0.16174545]
 [1.24154236 0.46759474 0.61909732]
 [1.06768961 1.58713416 0.64010481]
 [0.44915285 1.84825065 1.00153876]]: 1.0159181523964175e-05
r = [[0.93642079 1.06941775 0.16174545]
 [1.24154236 0.46759474 0.61909732]
 [1.06768961 1.58713416 0.64010481]
 [0.44915285 1.84825065 1.00153876]]: 2.922755925283127e-06
r = [[0.93642079 1.06941775 0.16174545]
 [1.24154236 0.46759474 0.61909732]
 [1.06768961 1.58713416 0.64010481]
 [0.44915285 1.84825065 1.00153876]]: 9.931729463070431e-05
r = [[0.93642079 1.06941775 0.16174545]
 [1.24154236 0.46759474 0.61909732]
 [1.06768961 1.58713416 0.64010481]
 [0.44915285 1.84825065 1.00153876]]: 1.4966212071548007e-06
r = [[0.93642079 1.06941775 0.16174545]
 [1.24154236 0.46759474 0.61909732]
 [1.06768961 1.58713416 0.64010481]
 [0.44915285 1.84825065 1.00153876]]: 0.0005740540759039245
r = [[0.93642079 1.06941775 0.16174545]
 [1.24154236 0.46759474 0.61909732]
 [1.06768961 1.58713416 0.64010481]
 [0.44915285 1.84825065 1.00153876]]: 0.00024317530551343225
r = [[0.93642079 1.06941775 0.16174545]
 [1.24154236 0.46759474 0.61909732]
 [1.06768961 1.58713416 0.64010481]
 [0.44915285 1.84825065 1.00153876]]: 4.221532987815278e-06
