r = [[1.64241296 0.72620493 0.9736895 ]
 [0.96273016 1.41078307 1.03115438]
 [0.54583881 1.44109876 0.11609798]
 [0.69653756 0.99502683 1.90603781]]: 1.7545326695004145e-06
r = [[1.64241296 0.72620493 0.9736895 ]
 [0.96273016 1.41078307 1.03115438]
 [0.54583881 1.44109876 0.11609798]
 [0.69653756 0.99502683 1.90603781]]: 0.00026407478435430676
r = [[1.64241296 0.72620493 0.9736895 ]
 [0.96273016 1.41078307 1.03115438]
 [0.54583881 1.44109876 0.11609798]
 [0.69653756 0.99502683 1.90603781]]: 0.0005327498292899691
r = [[1.64241296 0.72620493 0.9736895 ]
 [0.96273016 1.41078307 1.03115438]
 [0.54583881 1.44109876 0.11609798]
 [0.69653756 0.99502683 1.90603781]]: 0.0007834722013545356
r = [[1.64241296 0.72620493 0.9736895 ]
 [0.96273016 1.41078307 1.03115438]
 [0.54583881 1.44109876 0.11609798]
 [0.69653756 0.99502683 1.90603781]]: 0.0005938043489420254
r = [[1.64241296 0.72620493 0.9736895 ]
 [0.96273016 1.41078307 1.03115438]
 [0.54583881 1.44109876 0.11609798]
 [0.69653756 0.99502683 1.90603781]]: 3.447824032524035e-05
r = [[1.64241296 0.72620493 0.9736895 ]
 [0.96273016 1.41078307 1.03115438]
 [0.54583881 1.44109876 0.11609798]
 [0.69653756 0.99502683 1.90603781]]: 0.00029369433884442387
r = [[1.64241296 0.72620493 0.9736895 ]
 [0.96273016 1.41078307 1.03115438]
 [0.54583881 1.44109876 0.11609798]
 [0.69653756 0.99502683 1.90603781]]: 2.206810320006168e-06
r = [[1.64241296 0.72620493 0.9736895 ]
 [0.96273016 1.41078307 1.03115438]
 [0.54583881 1.44109876 0.11609798]
 [0.69653756 0.99502683 1.90603781]]: 0.0001690028932768785
r = [[1.64241296 0.72620493 0.9736895 ]
 [0.96273016 1.41078307 1.03115438]
 [0.54583881 1.44109876 0.11609798]
 [0.69653756 0.99502683 1.90603781]]: 1.7238806581839787e-05
