r = [[ 11.94158466   1.6175917   -0.74153252]
 [  6.30631828  -4.10485335  -4.81724807]
 [ 10.34053913 -10.2653053    5.36003824]
 [ -8.69005158  -3.87863299   4.74161201]]: 0.003180554519141359
r = [[ 11.94158466   1.6175917   -0.74153252]
 [  6.30631828  -4.10485335  -4.81724807]
 [ 10.34053913 -10.2653053    5.36003824]
 [ -8.69005158  -3.87863299   4.74161201]]: 0.043782573858542104
r = [[ 11.94158466   1.6175917   -0.74153252]
 [  6.30631828  -4.10485335  -4.81724807]
 [ 10.34053913 -10.2653053    5.36003824]
 [ -8.69005158  -3.87863299   4.74161201]]: 0.05388026425082769
r = [[ 11.94158466   1.6175917   -0.74153252]
 [  6.30631828  -4.10485335  -4.81724807]
 [ 10.34053913 -10.2653053    5.36003824]
 [ -8.69005158  -3.87863299   4.74161201]]: 0.003777255304157734
r = [[ 11.94158466   1.6175917   -0.74153252]
 [  6.30631828  -4.10485335  -4.81724807]
 [ 10.34053913 -10.2653053    5.36003824]
 [ -8.69005158  -3.87863299   4.74161201]]: 0.17235800144927843
r = [[ 11.94158466   1.6175917   -0.74153252]
 [  6.30631828  -4.10485335  -4.81724807]
 [ 10.34053913 -10.2653053    5.36003824]
 [ -8.69005158  -3.87863299   4.74161201]]: 0.00041704852732696703
r = [[ 11.94158466   1.6175917   -0.74153252]
 [  6.30631828  -4.10485335  -4.81724807]
 [ 10.34053913 -10.2653053    5.36003824]
 [ -8.69005158  -3.87863299   4.74161201]]: 0.010577697473179017
r = [[ 11.94158466   1.6175917   -0.74153252]
 [  6.30631828  -4.10485335  -4.81724807]
 [ 10.34053913 -10.2653053    5.36003824]
 [ -8.69005158  -3.87863299   4.74161201]]: 0.14336294414741652
r = [[ 11.94158466   1.6175917   -0.74153252]
 [  6.30631828  -4.10485335  -4.81724807]
 [ 10.34053913 -10.2653053    5.36003824]
 [ -8.69005158  -3.87863299   4.74161201]]: 0.0010917166780148233
r = [[ 11.94158466   1.6175917   -0.74153252]
 [  6.30631828  -4.10485335  -4.81724807]
 [ 10.34053913 -10.2653053    5.36003824]
 [ -8.69005158  -3.87863299   4.74161201]]: 0.06443564367613622
