r = [[1.24376294 1.96040239 0.32377074]
 [0.52997132 1.2179359  0.29941794]
 [1.45076076 1.64814949 1.13532658]
 [1.4211411  1.05292066 0.18774598]]: 1.1681344273841074e-05
r = [[1.24376294 1.96040239 0.32377074]
 [0.52997132 1.2179359  0.29941794]
 [1.45076076 1.64814949 1.13532658]
 [1.4211411  1.05292066 0.18774598]]: 0.00014075779368535483
r = [[1.24376294 1.96040239 0.32377074]
 [0.52997132 1.2179359  0.29941794]
 [1.45076076 1.64814949 1.13532658]
 [1.4211411  1.05292066 0.18774598]]: 0.0002683312933576027
r = [[1.24376294 1.96040239 0.32377074]
 [0.52997132 1.2179359  0.29941794]
 [1.45076076 1.64814949 1.13532658]
 [1.4211411  1.05292066 0.18774598]]: 1.0780919702873299e-05
r = [[1.24376294 1.96040239 0.32377074]
 [0.52997132 1.2179359  0.29941794]
 [1.45076076 1.64814949 1.13532658]
 [1.4211411  1.05292066 0.18774598]]: 0.00023740810138406232
r = [[1.24376294 1.96040239 0.32377074]
 [0.52997132 1.2179359  0.29941794]
 [1.45076076 1.64814949 1.13532658]
 [1.4211411  1.05292066 0.18774598]]: 0.0005596142088636823
r = [[1.24376294 1.96040239 0.32377074]
 [0.52997132 1.2179359  0.29941794]
 [1.45076076 1.64814949 1.13532658]
 [1.4211411  1.05292066 0.18774598]]: 0.000622824024633571
r = [[1.24376294 1.96040239 0.32377074]
 [0.52997132 1.2179359  0.29941794]
 [1.45076076 1.64814949 1.13532658]
 [1.4211411  1.05292066 0.18774598]]: 2.2979453076134503e-05
r = [[1.24376294 1.96040239 0.32377074]
 [0.52997132 1.2179359  0.29941794]
 [1.45076076 1.64814949 1.13532658]
 [1.4211411  1.05292066 0.18774598]]: 1.319613033956557e-06
r = [[1.24376294 1.96040239 0.32377074]
 [0.52997132 1.2179359  0.29941794]
 [1.45076076 1.64814949 1.13532658]
 [1.4211411  1.05292066 0.18774598]]: 0.00024525156134456793
