r = [[ 3.18237443 -4.18247897 -9.1797902 ]
 [ 0.12551454 10.95355816 -2.04405518]
 [13.83282436 -3.05136597 -9.17054986]
 [ 4.24173751 -4.24457058 -9.0228792 ]]: 0.008465719808425223
r = [[ 3.18237443 -4.18247897 -9.1797902 ]
 [ 0.12551454 10.95355816 -2.04405518]
 [13.83282436 -3.05136597 -9.17054986]
 [ 4.24173751 -4.24457058 -9.0228792 ]]: 0.00014183087582101246
r = [[ 3.18237443 -4.18247897 -9.1797902 ]
 [ 0.12551454 10.95355816 -2.04405518]
 [13.83282436 -3.05136597 -9.17054986]
 [ 4.24173751 -4.24457058 -9.0228792 ]]: 0.16394155392689364
r = [[ 3.18237443 -4.18247897 -9.1797902 ]
 [ 0.12551454 10.95355816 -2.04405518]
 [13.83282436 -3.05136597 -9.17054986]
 [ 4.24173751 -4.24457058 -9.0228792 ]]: 0.12750953575596213
r = [[ 3.18237443 -4.18247897 -9.1797902 ]
 [ 0.12551454 10.95355816 -2.04405518]
 [13.83282436 -3.05136597 -9.17054986]
 [ 4.24173751 -4.24457058 -9.0228792 ]]: 0.21501181347827827
r = [[ 3.18237443 -4.18247897 -9.1797902 ]
 [ 0.12551454 10.95355816 -2.04405518]
 [13.83282436 -3.05136597 -9.17054986]
 [ 4.24173751 -4.24457058 -9.0228792 ]]: 0.10800267410065446
r = [[ 3.18237443 -4.18247897 -9.1797902 ]
 [ 0.12551454 10.95355816 -2.04405518]
 [13.83282436 -3.05136597 -9.17054986]
 [ 4.24173751 -4.24457058 -9.0228792 ]]: 0.03904840223757284
r = [[ 3.18237443 -4.18247897 -9.1797902 ]
 [ 0.12551454 10.95355816 -2.04405518]
 [13.83282436 -3.05136597 -9.17054986]
 [ 4.24173751 -4.24457058 -9.0228792 ]]: 0.025383579511461512
r = [[ 3.18237443 -4.18247897 -9.1797902 ]
 [ 0.12551454 10.95355816 -2.04405518]
 [13.83282436 -3.05136597 -9.17054986]
 [ 4.24173751 -4.24457058 -9.0228792 ]]: 0.011848830568071986
r = [[ 3.18237443 -4.18247897 -9.1797902 ]
 [ 0.12551454 10.95355816 -2.04405518]
 [13.83282436 -3.05136597 -9.17054986]
 [ 4.24173751 -4.24457058 -9.0228792 ]]: 0.0006200319496981267
