r = [[0.38300155 0.73124496 0.56316604]
 [0.85378462 0.24598515 1.22672032]
 [1.84371412 0.29725598 1.85025258]
 [1.57015112 0.10422342 1.5522869 ]]: 0.00021698785037317845
r = [[0.38300155 0.73124496 0.56316604]
 [0.85378462 0.24598515 1.22672032]
 [1.84371412 0.29725598 1.85025258]
 [1.57015112 0.10422342 1.5522869 ]]: 0.0010588797636696004
r = [[0.38300155 0.73124496 0.56316604]
 [0.85378462 0.24598515 1.22672032]
 [1.84371412 0.29725598 1.85025258]
 [1.57015112 0.10422342 1.5522869 ]]: 1.2149389411726069e-05
r = [[0.38300155 0.73124496 0.56316604]
 [0.85378462 0.24598515 1.22672032]
 [1.84371412 0.29725598 1.85025258]
 [1.57015112 0.10422342 1.5522869 ]]: 2.6263373748796378e-06
r = [[0.38300155 0.73124496 0.56316604]
 [0.85378462 0.24598515 1.22672032]
 [1.84371412 0.29725598 1.85025258]
 [1.57015112 0.10422342 1.5522869 ]]: 1.141194655117163e-05
r = [[0.38300155 0.73124496 0.56316604]
 [0.85378462 0.24598515 1.22672032]
 [1.84371412 0.29725598 1.85025258]
 [1.57015112 0.10422342 1.5522869 ]]: 8.082650232868868e-05
r = [[0.38300155 0.73124496 0.56316604]
 [0.85378462 0.24598515 1.22672032]
 [1.84371412 0.29725598 1.85025258]
 [1.57015112 0.10422342 1.5522869 ]]: 3.3605380654730003e-06
r = [[0.38300155 0.73124496 0.56316604]
 [0.85378462 0.24598515 1.22672032]
 [1.84371412 0.29725598 1.85025258]
 [1.57015112 0.10422342 1.5522869 ]]: 9.685804239519971e-05
r = [[0.38300155 0.73124496 0.56316604]
 [0.85378462 0.24598515 1.22672032]
 [1.84371412 0.29725598 1.85025258]
 [1.57015112 0.10422342 1.5522869 ]]: 1.0107532814020357e-05
r = [[0.38300155 0.73124496 0.56316604]
 [0.85378462 0.24598515 1.22672032]
 [1.84371412 0.29725598 1.85025258]
 [1.57015112 0.10422342 1.5522869 ]]: 1.7755950563826315e-06
