r = [[0.4445295  0.89203763 1.6412438 ]
 [1.4946836  1.97171489 0.4902002 ]
 [1.05145339 0.13600355 1.87508746]
 [0.03624655 0.0868709  0.53780655]]: 3.4258453394743682e-06
r = [[0.4445295  0.89203763 1.6412438 ]
 [1.4946836  1.97171489 0.4902002 ]
 [1.05145339 0.13600355 1.87508746]
 [0.03624655 0.0868709  0.53780655]]: 0.0004153720157254221
r = [[0.4445295  0.89203763 1.6412438 ]
 [1.4946836  1.97171489 0.4902002 ]
 [1.05145339 0.13600355 1.87508746]
 [0.03624655 0.0868709  0.53780655]]: 4.659861653116033e-06
r = [[0.4445295  0.89203763 1.6412438 ]
 [1.4946836  1.97171489 0.4902002 ]
 [1.05145339 0.13600355 1.87508746]
 [0.03624655 0.0868709  0.53780655]]: 0.0002423190328824733
r = [[0.4445295  0.89203763 1.6412438 ]
 [1.4946836  1.97171489 0.4902002 ]
 [1.05145339 0.13600355 1.87508746]
 [0.03624655 0.0868709  0.53780655]]: 6.664317827796497e-05
r = [[0.4445295  0.89203763 1.6412438 ]
 [1.4946836  1.97171489 0.4902002 ]
 [1.05145339 0.13600355 1.87508746]
 [0.03624655 0.0868709  0.53780655]]: 7.68206908625351e-06
r = [[0.4445295  0.89203763 1.6412438 ]
 [1.4946836  1.97171489 0.4902002 ]
 [1.05145339 0.13600355 1.87508746]
 [0.03624655 0.0868709  0.53780655]]: 0.00018757219004328363
r = [[0.4445295  0.89203763 1.6412438 ]
 [1.4946836  1.97171489 0.4902002 ]
 [1.05145339 0.13600355 1.87508746]
 [0.03624655 0.0868709  0.53780655]]: 0.00025107940278498324
r = [[0.4445295  0.89203763 1.6412438 ]
 [1.4946836  1.97171489 0.4902002 ]
 [1.05145339 0.13600355 1.87508746]
 [0.03624655 0.0868709  0.53780655]]: 5.520532730380572e-06
r = [[0.4445295  0.89203763 1.6412438 ]
 [1.4946836  1.97171489 0.4902002 ]
 [1.05145339 0.13600355 1.87508746]
 [0.03624655 0.0868709  0.53780655]]: 2.132503881771949e-05
