r = [[1.67689069 0.19075735 0.4273799 ]
 [1.89305129 1.34490936 0.48607626]
 [1.86561682 1.69201603 0.63387744]
 [1.89687927 1.73464554 0.84729305]]: 6.37369881977585e-06
r = [[1.67689069 0.19075735 0.4273799 ]
 [1.89305129 1.34490936 0.48607626]
 [1.86561682 1.69201603 0.63387744]
 [1.89687927 1.73464554 0.84729305]]: 2.2192708846497614e-06
r = [[1.67689069 0.19075735 0.4273799 ]
 [1.89305129 1.34490936 0.48607626]
 [1.86561682 1.69201603 0.63387744]
 [1.89687927 1.73464554 0.84729305]]: 0.0003402134628101651
r = [[1.67689069 0.19075735 0.4273799 ]
 [1.89305129 1.34490936 0.48607626]
 [1.86561682 1.69201603 0.63387744]
 [1.89687927 1.73464554 0.84729305]]: 2.6968739153484682e-05
r = [[1.67689069 0.19075735 0.4273799 ]
 [1.89305129 1.34490936 0.48607626]
 [1.86561682 1.69201603 0.63387744]
 [1.89687927 1.73464554 0.84729305]]: 8.452446672890801e-05
r = [[1.67689069 0.19075735 0.4273799 ]
 [1.89305129 1.34490936 0.48607626]
 [1.86561682 1.69201603 0.63387744]
 [1.89687927 1.73464554 0.84729305]]: 0.00014329855756451643
r = [[1.67689069 0.19075735 0.4273799 ]
 [1.89305129 1.34490936 0.48607626]
 [1.86561682 1.69201603 0.63387744]
 [1.89687927 1.73464554 0.84729305]]: 0.0001250370608301767
r = [[1.67689069 0.19075735 0.4273799 ]
 [1.89305129 1.34490936 0.48607626]
 [1.86561682 1.69201603 0.63387744]
 [1.89687927 1.73464554 0.84729305]]: 9.42161017779394e-05
r = [[1.67689069 0.19075735 0.4273799 ]
 [1.89305129 1.34490936 0.48607626]
 [1.86561682 1.69201603 0.63387744]
 [1.89687927 1.73464554 0.84729305]]: 8.578208085704578e-06
r = [[1.67689069 0.19075735 0.4273799 ]
 [1.89305129 1.34490936 0.48607626]
 [1.86561682 1.69201603 0.63387744]
 [1.89687927 1.73464554 0.84729305]]: 6.801027114176707e-06
