r = [[-1.84298318 -5.09821221 -0.75005816]
 [ 1.84183688 -1.27100144 16.22655012]
 [ 3.11318793 13.72674535 -9.33317131]
 [-5.88312285  2.70068182  2.69075947]]: 0.20583385468593665
r = [[-1.84298318 -5.09821221 -0.75005816]
 [ 1.84183688 -1.27100144 16.22655012]
 [ 3.11318793 13.72674535 -9.33317131]
 [-5.88312285  2.70068182  2.69075947]]: 0.00028965405571008366
r = [[-1.84298318 -5.09821221 -0.75005816]
 [ 1.84183688 -1.27100144 16.22655012]
 [ 3.11318793 13.72674535 -9.33317131]
 [-5.88312285  2.70068182  2.69075947]]: 0.0545795200658696
r = [[-1.84298318 -5.09821221 -0.75005816]
 [ 1.84183688 -1.27100144 16.22655012]
 [ 3.11318793 13.72674535 -9.33317131]
 [-5.88312285  2.70068182  2.69075947]]: 0.07085763696315033
r = [[-1.84298318 -5.09821221 -0.75005816]
 [ 1.84183688 -1.27100144 16.22655012]
 [ 3.11318793 13.72674535 -9.33317131]
 [-5.88312285  2.70068182  2.69075947]]: 0.014111068698444537
r = [[-1.84298318 -5.09821221 -0.75005816]
 [ 1.84183688 -1.27100144 16.22655012]
 [ 3.11318793 13.72674535 -9.33317131]
 [-5.88312285  2.70068182  2.69075947]]: 0.018680188106372952
r = [[-1.84298318 -5.09821221 -0.75005816]
 [ 1.84183688 -1.27100144 16.22655012]
 [ 3.11318793 13.72674535 -9.33317131]
 [-5.88312285  2.70068182  2.69075947]]: 0.02929982469816293
r = [[-1.84298318 -5.09821221 -0.75005816]
 [ 1.84183688 -1.27100144 16.22655012]
 [ 3.11318793 13.72674535 -9.33317131]
 [-5.88312285  2.70068182  2.69075947]]: 0.019310382061770985
r = [[-1.84298318 -5.09821221 -0.75005816]
 [ 1.84183688 -1.27100144 16.22655012]
 [ 3.11318793 13.72674535 -9.33317131]
 [-5.88312285  2.70068182  2.69075947]]: 0.03757698175364307
r = [[-1.84298318 -5.09821221 -0.75005816]
 [ 1.84183688 -1.27100144 16.22655012]
 [ 3.11318793 13.72674535 -9.33317131]
 [-5.88312285  2.70068182  2.69075947]]: 0.09720281977206469
