r = [[ -7.39585067   0.57212174  -0.58606682]
 [ -5.36455316   7.08504527  -4.85409636]
 [  1.13242906   0.55537948   6.71809448]
 [ 13.23726339   7.86594421 -10.27492596]]: 0.0016232036203811212
r = [[ -7.39585067   0.57212174  -0.58606682]
 [ -5.36455316   7.08504527  -4.85409636]
 [  1.13242906   0.55537948   6.71809448]
 [ 13.23726339   7.86594421 -10.27492596]]: 0.000700459603519578
r = [[ -7.39585067   0.57212174  -0.58606682]
 [ -5.36455316   7.08504527  -4.85409636]
 [  1.13242906   0.55537948   6.71809448]
 [ 13.23726339   7.86594421 -10.27492596]]: 0.007640708104840347
r = [[ -7.39585067   0.57212174  -0.58606682]
 [ -5.36455316   7.08504527  -4.85409636]
 [  1.13242906   0.55537948   6.71809448]
 [ 13.23726339   7.86594421 -10.27492596]]: 0.02103669532308621
r = [[ -7.39585067   0.57212174  -0.58606682]
 [ -5.36455316   7.08504527  -4.85409636]
 [  1.13242906   0.55537948   6.71809448]
 [ 13.23726339   7.86594421 -10.27492596]]: 0.0003189876920909488
r = [[ -7.39585067   0.57212174  -0.58606682]
 [ -5.36455316   7.08504527  -4.85409636]
 [  1.13242906   0.55537948   6.71809448]
 [ 13.23726339   7.86594421 -10.27492596]]: 0.04791820195636579
r = [[ -7.39585067   0.57212174  -0.58606682]
 [ -5.36455316   7.08504527  -4.85409636]
 [  1.13242906   0.55537948   6.71809448]
 [ 13.23726339   7.86594421 -10.27492596]]: 0.003702840069308877
r = [[ -7.39585067   0.57212174  -0.58606682]
 [ -5.36455316   7.08504527  -4.85409636]
 [  1.13242906   0.55537948   6.71809448]
 [ 13.23726339   7.86594421 -10.27492596]]: 0.003055878748585071
r = [[ -7.39585067   0.57212174  -0.58606682]
 [ -5.36455316   7.08504527  -4.85409636]
 [  1.13242906   0.55537948   6.71809448]
 [ 13.23726339   7.86594421 -10.27492596]]: 0.027523923332669904
r = [[ -7.39585067   0.57212174  -0.58606682]
 [ -5.36455316   7.08504527  -4.85409636]
 [  1.13242906   0.55537948   6.71809448]
 [ 13.23726339   7.86594421 -10.27492596]]: 0.0009067235431367797
