r = [[ -2.43167465  13.09018454   0.27260741]
 [ -2.00795353  -2.01669628   9.03212406]
 [-14.65703203  -5.75945957 -13.98006316]
 [  1.07580556   4.46628746   2.62824419]]: 0.0019621841742524077
r = [[ -2.43167465  13.09018454   0.27260741]
 [ -2.00795353  -2.01669628   9.03212406]
 [-14.65703203  -5.75945957 -13.98006316]
 [  1.07580556   4.46628746   2.62824419]]: 0.03718644187652639
r = [[ -2.43167465  13.09018454   0.27260741]
 [ -2.00795353  -2.01669628   9.03212406]
 [-14.65703203  -5.75945957 -13.98006316]
 [  1.07580556   4.46628746   2.62824419]]: 0.00274471945262381
r = [[ -2.43167465  13.09018454   0.27260741]
 [ -2.00795353  -2.01669628   9.03212406]
 [-14.65703203  -5.75945957 -13.98006316]
 [  1.07580556   4.46628746   2.62824419]]: 0.02710415266587266
r = [[ -2.43167465  13.09018454   0.27260741]
 [ -2.00795353  -2.01669628   9.03212406]
 [-14.65703203  -5.75945957 -13.98006316]
 [  1.07580556   4.46628746   2.62824419]]: 0.014001697218710822
r = [[ -2.43167465  13.09018454   0.27260741]
 [ -2.00795353  -2.01669628   9.03212406]
 [-14.65703203  -5.75945957 -13.98006316]
 [  1.07580556   4.46628746   2.62824419]]: 0.02349065400526992
r = [[ -2.43167465  13.09018454   0.27260741]
 [ -2.00795353  -2.01669628   9.03212406]
 [-14.65703203  -5.75945957 -13.98006316]
 [  1.07580556   4.46628746   2.62824419]]: 0.11133283376693726
r = [[ -2.43167465  13.09018454   0.27260741]
 [ -2.00795353  -2.01669628   9.03212406]
 [-14.65703203  -5.75945957 -13.98006316]
 [  1.07580556   4.46628746   2.62824419]]: 0.022918064945510457
r = [[ -2.43167465  13.09018454   0.27260741]
 [ -2.00795353  -2.01669628   9.03212406]
 [-14.65703203  -5.75945957 -13.98006316]
 [  1.07580556   4.46628746   2.62824419]]: 0.018670513959867612
r = [[ -2.43167465  13.09018454   0.27260741]
 [ -2.00795353  -2.01669628   9.03212406]
 [-14.65703203  -5.75945957 -13.98006316]
 [  1.07580556   4.46628746   2.62824419]]: 0.001645636187666761
