r = [[ 2.15835473 -5.06769167  6.30749131]
 [ 3.70744151  5.63920436 -7.48681946]
 [ 8.96363541  3.30443518  2.67094392]
 [ 1.66744549  4.92201374 10.28502775]]: 0.010377661092206836
r = [[ 2.15835473 -5.06769167  6.30749131]
 [ 3.70744151  5.63920436 -7.48681946]
 [ 8.96363541  3.30443518  2.67094392]
 [ 1.66744549  4.92201374 10.28502775]]: 0.001970456264513944
r = [[ 2.15835473 -5.06769167  6.30749131]
 [ 3.70744151  5.63920436 -7.48681946]
 [ 8.96363541  3.30443518  2.67094392]
 [ 1.66744549  4.92201374 10.28502775]]: 0.00015113300573180562
r = [[ 2.15835473 -5.06769167  6.30749131]
 [ 3.70744151  5.63920436 -7.48681946]
 [ 8.96363541  3.30443518  2.67094392]
 [ 1.66744549  4.92201374 10.28502775]]: 0.0013939946158123867
r = [[ 2.15835473 -5.06769167  6.30749131]
 [ 3.70744151  5.63920436 -7.48681946]
 [ 8.96363541  3.30443518  2.67094392]
 [ 1.66744549  4.92201374 10.28502775]]: 0.015775307696977898
r = [[ 2.15835473 -5.06769167  6.30749131]
 [ 3.70744151  5.63920436 -7.48681946]
 [ 8.96363541  3.30443518  2.67094392]
 [ 1.66744549  4.92201374 10.28502775]]: 0.0010347700860750461
r = [[ 2.15835473 -5.06769167  6.30749131]
 [ 3.70744151  5.63920436 -7.48681946]
 [ 8.96363541  3.30443518  2.67094392]
 [ 1.66744549  4.92201374 10.28502775]]: 0.05372875223734549
r = [[ 2.15835473 -5.06769167  6.30749131]
 [ 3.70744151  5.63920436 -7.48681946]
 [ 8.96363541  3.30443518  2.67094392]
 [ 1.66744549  4.92201374 10.28502775]]: 0.01462446286209992
r = [[ 2.15835473 -5.06769167  6.30749131]
 [ 3.70744151  5.63920436 -7.48681946]
 [ 8.96363541  3.30443518  2.67094392]
 [ 1.66744549  4.92201374 10.28502775]]: 0.01995256170630455
r = [[ 2.15835473 -5.06769167  6.30749131]
 [ 3.70744151  5.63920436 -7.48681946]
 [ 8.96363541  3.30443518  2.67094392]
 [ 1.66744549  4.92201374 10.28502775]]: 0.013885565185254174
