r = [[  2.93859749   0.93678203  -6.0557303 ]
 [  8.38515352   0.72953899  -2.02767547]
 [  3.87097212  -3.88047702 -10.82317601]
 [ -3.83503942   8.25359147  -0.66753614]]: 0.021119588769839277
r = [[  2.93859749   0.93678203  -6.0557303 ]
 [  8.38515352   0.72953899  -2.02767547]
 [  3.87097212  -3.88047702 -10.82317601]
 [ -3.83503942   8.25359147  -0.66753614]]: 0.01737184709470187
r = [[  2.93859749   0.93678203  -6.0557303 ]
 [  8.38515352   0.72953899  -2.02767547]
 [  3.87097212  -3.88047702 -10.82317601]
 [ -3.83503942   8.25359147  -0.66753614]]: 0.0012542200939995901
r = [[  2.93859749   0.93678203  -6.0557303 ]
 [  8.38515352   0.72953899  -2.02767547]
 [  3.87097212  -3.88047702 -10.82317601]
 [ -3.83503942   8.25359147  -0.66753614]]: 0.0015559115230904094
r = [[  2.93859749   0.93678203  -6.0557303 ]
 [  8.38515352   0.72953899  -2.02767547]
 [  3.87097212  -3.88047702 -10.82317601]
 [ -3.83503942   8.25359147  -0.66753614]]: 0.027324559300073555
r = [[  2.93859749   0.93678203  -6.0557303 ]
 [  8.38515352   0.72953899  -2.02767547]
 [  3.87097212  -3.88047702 -10.82317601]
 [ -3.83503942   8.25359147  -0.66753614]]: 0.01375082996673882
r = [[  2.93859749   0.93678203  -6.0557303 ]
 [  8.38515352   0.72953899  -2.02767547]
 [  3.87097212  -3.88047702 -10.82317601]
 [ -3.83503942   8.25359147  -0.66753614]]: 0.044597079046070576
r = [[  2.93859749   0.93678203  -6.0557303 ]
 [  8.38515352   0.72953899  -2.02767547]
 [  3.87097212  -3.88047702 -10.82317601]
 [ -3.83503942   8.25359147  -0.66753614]]: 0.02954712144232222
r = [[  2.93859749   0.93678203  -6.0557303 ]
 [  8.38515352   0.72953899  -2.02767547]
 [  3.87097212  -3.88047702 -10.82317601]
 [ -3.83503942   8.25359147  -0.66753614]]: 0.0027704251863594565
r = [[  2.93859749   0.93678203  -6.0557303 ]
 [  8.38515352   0.72953899  -2.02767547]
 [  3.87097212  -3.88047702 -10.82317601]
 [ -3.83503942   8.25359147  -0.66753614]]: 0.015899109388036386
