r = [[0.38826514 0.40982379 1.13441805]
 [1.32541044 1.47708744 0.37809919]
 [0.87530815 1.39395334 0.56573029]
 [0.63596276 0.59678636 1.24937795]]: 0.00014353561501983286
r = [[0.38826514 0.40982379 1.13441805]
 [1.32541044 1.47708744 0.37809919]
 [0.87530815 1.39395334 0.56573029]
 [0.63596276 0.59678636 1.24937795]]: 0.00013831892595460107
r = [[0.38826514 0.40982379 1.13441805]
 [1.32541044 1.47708744 0.37809919]
 [0.87530815 1.39395334 0.56573029]
 [0.63596276 0.59678636 1.24937795]]: 0.0006256710891778182
r = [[0.38826514 0.40982379 1.13441805]
 [1.32541044 1.47708744 0.37809919]
 [0.87530815 1.39395334 0.56573029]
 [0.63596276 0.59678636 1.24937795]]: 6.108213256084127e-06
r = [[0.38826514 0.40982379 1.13441805]
 [1.32541044 1.47708744 0.37809919]
 [0.87530815 1.39395334 0.56573029]
 [0.63596276 0.59678636 1.24937795]]: 3.7512166142862824e-06
r = [[0.38826514 0.40982379 1.13441805]
 [1.32541044 1.47708744 0.37809919]
 [0.87530815 1.39395334 0.56573029]
 [0.63596276 0.59678636 1.24937795]]: 7.393073799123938e-06
r = [[0.38826514 0.40982379 1.13441805]
 [1.32541044 1.47708744 0.37809919]
 [0.87530815 1.39395334 0.56573029]
 [0.63596276 0.59678636 1.24937795]]: 0.00021418186692504345
r = [[0.38826514 0.40982379 1.13441805]
 [1.32541044 1.47708744 0.37809919]
 [0.87530815 1.39395334 0.56573029]
 [0.63596276 0.59678636 1.24937795]]: 6.559504592067762e-05
r = [[0.38826514 0.40982379 1.13441805]
 [1.32541044 1.47708744 0.37809919]
 [0.87530815 1.39395334 0.56573029]
 [0.63596276 0.59678636 1.24937795]]: 1.2014882746111003e-05
r = [[0.38826514 0.40982379 1.13441805]
 [1.32541044 1.47708744 0.37809919]
 [0.87530815 1.39395334 0.56573029]
 [0.63596276 0.59678636 1.24937795]]: 8.732339301786851e-05
