r = [[1.57808274 1.73332701 0.04288474]
 [0.11086731 0.20103374 1.28169023]
 [0.28319257 0.30701339 0.80280415]
 [0.25642779 0.19705221 1.58370809]]: 0.00013051955024171287
r = [[1.57808274 1.73332701 0.04288474]
 [0.11086731 0.20103374 1.28169023]
 [0.28319257 0.30701339 0.80280415]
 [0.25642779 0.19705221 1.58370809]]: 0.00024270911022280676
r = [[1.57808274 1.73332701 0.04288474]
 [0.11086731 0.20103374 1.28169023]
 [0.28319257 0.30701339 0.80280415]
 [0.25642779 0.19705221 1.58370809]]: 0.0007840952561569533
r = [[1.57808274 1.73332701 0.04288474]
 [0.11086731 0.20103374 1.28169023]
 [0.28319257 0.30701339 0.80280415]
 [0.25642779 0.19705221 1.58370809]]: 0.00012160292369247015
r = [[1.57808274 1.73332701 0.04288474]
 [0.11086731 0.20103374 1.28169023]
 [0.28319257 0.30701339 0.80280415]
 [0.25642779 0.19705221 1.58370809]]: 0.0007914737424081457
r = [[1.57808274 1.73332701 0.04288474]
 [0.11086731 0.20103374 1.28169023]
 [0.28319257 0.30701339 0.80280415]
 [0.25642779 0.19705221 1.58370809]]: 0.0008658521837787703
r = [[1.57808274 1.73332701 0.04288474]
 [0.11086731 0.20103374 1.28169023]
 [0.28319257 0.30701339 0.80280415]
 [0.25642779 0.19705221 1.58370809]]: 0.0001189589649064666
r = [[1.57808274 1.73332701 0.04288474]
 [0.11086731 0.20103374 1.28169023]
 [0.28319257 0.30701339 0.80280415]
 [0.25642779 0.19705221 1.58370809]]: 1.2581554398950954e-05
r = [[1.57808274 1.73332701 0.04288474]
 [0.11086731 0.20103374 1.28169023]
 [0.28319257 0.30701339 0.80280415]
 [0.25642779 0.19705221 1.58370809]]: 0.0002541947277287753
r = [[1.57808274 1.73332701 0.04288474]
 [0.11086731 0.20103374 1.28169023]
 [0.28319257 0.30701339 0.80280415]
 [0.25642779 0.19705221 1.58370809]]: 2.477016271638734e-05
