r = [[-8.20585849 -1.43040722 -7.2975615 ]
 [ 1.91996161  2.97380776  0.81643513]
 [-8.14231288  3.31321485  1.26424055]
 [ 6.17272363  0.092795    2.06160897]]: 0.016446630137839487
r = [[-8.20585849 -1.43040722 -7.2975615 ]
 [ 1.91996161  2.97380776  0.81643513]
 [-8.14231288  3.31321485  1.26424055]
 [ 6.17272363  0.092795    2.06160897]]: 0.006329050537065736
r = [[-8.20585849 -1.43040722 -7.2975615 ]
 [ 1.91996161  2.97380776  0.81643513]
 [-8.14231288  3.31321485  1.26424055]
 [ 6.17272363  0.092795    2.06160897]]: 0.012722044318382229
r = [[-8.20585849 -1.43040722 -7.2975615 ]
 [ 1.91996161  2.97380776  0.81643513]
 [-8.14231288  3.31321485  1.26424055]
 [ 6.17272363  0.092795    2.06160897]]: 0.02845966869166919
r = [[-8.20585849 -1.43040722 -7.2975615 ]
 [ 1.91996161  2.97380776  0.81643513]
 [-8.14231288  3.31321485  1.26424055]
 [ 6.17272363  0.092795    2.06160897]]: 0.04144291300326586
r = [[-8.20585849 -1.43040722 -7.2975615 ]
 [ 1.91996161  2.97380776  0.81643513]
 [-8.14231288  3.31321485  1.26424055]
 [ 6.17272363  0.092795    2.06160897]]: 0.09940484545326658
r = [[-8.20585849 -1.43040722 -7.2975615 ]
 [ 1.91996161  2.97380776  0.81643513]
 [-8.14231288  3.31321485  1.26424055]
 [ 6.17272363  0.092795    2.06160897]]: 0.06312614306807518
r = [[-8.20585849 -1.43040722 -7.2975615 ]
 [ 1.91996161  2.97380776  0.81643513]
 [-8.14231288  3.31321485  1.26424055]
 [ 6.17272363  0.092795    2.06160897]]: 0.1672621529017176
r = [[-8.20585849 -1.43040722 -7.2975615 ]
 [ 1.91996161  2.97380776  0.81643513]
 [-8.14231288  3.31321485  1.26424055]
 [ 6.17272363  0.092795    2.06160897]]: 0.00032954191764084887
r = [[-8.20585849 -1.43040722 -7.2975615 ]
 [ 1.91996161  2.97380776  0.81643513]
 [-8.14231288  3.31321485  1.26424055]
 [ 6.17272363  0.092795    2.06160897]]: 0.01613646512851119
