r = [[  0.22438397   5.09968777  -2.23676532]
 [-13.02468504   2.67675562  -3.31439222]
 [ -6.97761461   7.23174807  -6.69823415]
 [  5.70314655 -19.82734981  -5.22686948]]: 0.00021661949202617898
r = [[  0.22438397   5.09968777  -2.23676532]
 [-13.02468504   2.67675562  -3.31439222]
 [ -6.97761461   7.23174807  -6.69823415]
 [  5.70314655 -19.82734981  -5.22686948]]: 0.009661206709487098
r = [[  0.22438397   5.09968777  -2.23676532]
 [-13.02468504   2.67675562  -3.31439222]
 [ -6.97761461   7.23174807  -6.69823415]
 [  5.70314655 -19.82734981  -5.22686948]]: 0.04754613107070327
r = [[  0.22438397   5.09968777  -2.23676532]
 [-13.02468504   2.67675562  -3.31439222]
 [ -6.97761461   7.23174807  -6.69823415]
 [  5.70314655 -19.82734981  -5.22686948]]: 0.0011031909463261919
r = [[  0.22438397   5.09968777  -2.23676532]
 [-13.02468504   2.67675562  -3.31439222]
 [ -6.97761461   7.23174807  -6.69823415]
 [  5.70314655 -19.82734981  -5.22686948]]: 0.001536563504487276
r = [[  0.22438397   5.09968777  -2.23676532]
 [-13.02468504   2.67675562  -3.31439222]
 [ -6.97761461   7.23174807  -6.69823415]
 [  5.70314655 -19.82734981  -5.22686948]]: 0.11374830401369504
r = [[  0.22438397   5.09968777  -2.23676532]
 [-13.02468504   2.67675562  -3.31439222]
 [ -6.97761461   7.23174807  -6.69823415]
 [  5.70314655 -19.82734981  -5.22686948]]: 0.005960492167754897
r = [[  0.22438397   5.09968777  -2.23676532]
 [-13.02468504   2.67675562  -3.31439222]
 [ -6.97761461   7.23174807  -6.69823415]
 [  5.70314655 -19.82734981  -5.22686948]]: 0.012998061055051429
r = [[  0.22438397   5.09968777  -2.23676532]
 [-13.02468504   2.67675562  -3.31439222]
 [ -6.97761461   7.23174807  -6.69823415]
 [  5.70314655 -19.82734981  -5.22686948]]: 0.002459939552604088
r = [[  0.22438397   5.09968777  -2.23676532]
 [-13.02468504   2.67675562  -3.31439222]
 [ -6.97761461   7.23174807  -6.69823415]
 [  5.70314655 -19.82734981  -5.22686948]]: 0.021656485806618418
