r = [[1.78650378e-01 8.41840096e-01 1.57000773e+00]
 [1.37037845e-01 1.16127730e+00 6.11234772e-04]
 [9.47250668e-01 1.88568339e+00 6.44706367e-01]
 [1.66566405e+00 1.20594616e+00 4.14983828e-01]]: 9.417114474022778e-05
r = [[1.78650378e-01 8.41840096e-01 1.57000773e+00]
 [1.37037845e-01 1.16127730e+00 6.11234772e-04]
 [9.47250668e-01 1.88568339e+00 6.44706367e-01]
 [1.66566405e+00 1.20594616e+00 4.14983828e-01]]: 0.0001427954266546294
r = [[1.78650378e-01 8.41840096e-01 1.57000773e+00]
 [1.37037845e-01 1.16127730e+00 6.11234772e-04]
 [9.47250668e-01 1.88568339e+00 6.44706367e-01]
 [1.66566405e+00 1.20594616e+00 4.14983828e-01]]: 3.871780661159262e-05
r = [[1.78650378e-01 8.41840096e-01 1.57000773e+00]
 [1.37037845e-01 1.16127730e+00 6.11234772e-04]
 [9.47250668e-01 1.88568339e+00 6.44706367e-01]
 [1.66566405e+00 1.20594616e+00 4.14983828e-01]]: 0.00011541793875429513
r = [[1.78650378e-01 8.41840096e-01 1.57000773e+00]
 [1.37037845e-01 1.16127730e+00 6.11234772e-04]
 [9.47250668e-01 1.88568339e+00 6.44706367e-01]
 [1.66566405e+00 1.20594616e+00 4.14983828e-01]]: 0.00035709662552108057
r = [[1.78650378e-01 8.41840096e-01 1.57000773e+00]
 [1.37037845e-01 1.16127730e+00 6.11234772e-04]
 [9.47250668e-01 1.88568339e+00 6.44706367e-01]
 [1.66566405e+00 1.20594616e+00 4.14983828e-01]]: 7.550348846052657e-05
r = [[1.78650378e-01 8.41840096e-01 1.57000773e+00]
 [1.37037845e-01 1.16127730e+00 6.11234772e-04]
 [9.47250668e-01 1.88568339e+00 6.44706367e-01]
 [1.66566405e+00 1.20594616e+00 4.14983828e-01]]: 9.133626787973168e-05
r = [[1.78650378e-01 8.41840096e-01 1.57000773e+00]
 [1.37037845e-01 1.16127730e+00 6.11234772e-04]
 [9.47250668e-01 1.88568339e+00 6.44706367e-01]
 [1.66566405e+00 1.20594616e+00 4.14983828e-01]]: 1.9503458653551725e-05
r = [[1.78650378e-01 8.41840096e-01 1.57000773e+00]
 [1.37037845e-01 1.16127730e+00 6.11234772e-04]
 [9.47250668e-01 1.88568339e+00 6.44706367e-01]
 [1.66566405e+00 1.20594616e+00 4.14983828e-01]]: 0.00014396706397487184
r = [[1.78650378e-01 8.41840096e-01 1.57000773e+00]
 [1.37037845e-01 1.16127730e+00 6.11234772e-04]
 [9.47250668e-01 1.88568339e+00 6.44706367e-01]
 [1.66566405e+00 1.20594616e+00 4.14983828e-01]]: 8.302899199666822e-06
