r = [[1.46238542 1.26725721 1.50679819]
 [1.411224   0.97806999 0.9565189 ]
 [0.89248976 0.21244219 0.3526485 ]
 [0.20202446 0.86474598 0.09313182]]: 4.071908058124661e-05
r = [[1.46238542 1.26725721 1.50679819]
 [1.411224   0.97806999 0.9565189 ]
 [0.89248976 0.21244219 0.3526485 ]
 [0.20202446 0.86474598 0.09313182]]: 0.0002455659674264358
r = [[1.46238542 1.26725721 1.50679819]
 [1.411224   0.97806999 0.9565189 ]
 [0.89248976 0.21244219 0.3526485 ]
 [0.20202446 0.86474598 0.09313182]]: 0.0011820854389433017
r = [[1.46238542 1.26725721 1.50679819]
 [1.411224   0.97806999 0.9565189 ]
 [0.89248976 0.21244219 0.3526485 ]
 [0.20202446 0.86474598 0.09313182]]: 0.00027539298727268554
r = [[1.46238542 1.26725721 1.50679819]
 [1.411224   0.97806999 0.9565189 ]
 [0.89248976 0.21244219 0.3526485 ]
 [0.20202446 0.86474598 0.09313182]]: 0.00039817408833187073
r = [[1.46238542 1.26725721 1.50679819]
 [1.411224   0.97806999 0.9565189 ]
 [0.89248976 0.21244219 0.3526485 ]
 [0.20202446 0.86474598 0.09313182]]: 4.684656167747951e-06
r = [[1.46238542 1.26725721 1.50679819]
 [1.411224   0.97806999 0.9565189 ]
 [0.89248976 0.21244219 0.3526485 ]
 [0.20202446 0.86474598 0.09313182]]: 3.9375122599137414e-05
r = [[1.46238542 1.26725721 1.50679819]
 [1.411224   0.97806999 0.9565189 ]
 [0.89248976 0.21244219 0.3526485 ]
 [0.20202446 0.86474598 0.09313182]]: 3.482169144522881e-06
r = [[1.46238542 1.26725721 1.50679819]
 [1.411224   0.97806999 0.9565189 ]
 [0.89248976 0.21244219 0.3526485 ]
 [0.20202446 0.86474598 0.09313182]]: 7.455379038999257e-05
r = [[1.46238542 1.26725721 1.50679819]
 [1.411224   0.97806999 0.9565189 ]
 [0.89248976 0.21244219 0.3526485 ]
 [0.20202446 0.86474598 0.09313182]]: 6.888235345416303e-06
