r = [[1.26698089 0.3776376  1.0345694 ]
 [1.94622627 0.78684074 0.79239468]
 [1.51229474 0.67157914 1.0630393 ]
 [1.99880392 1.25432514 1.22974283]]: 0.00039343257542766096
r = [[1.26698089 0.3776376  1.0345694 ]
 [1.94622627 0.78684074 0.79239468]
 [1.51229474 0.67157914 1.0630393 ]
 [1.99880392 1.25432514 1.22974283]]: 2.3802278519724496e-05
r = [[1.26698089 0.3776376  1.0345694 ]
 [1.94622627 0.78684074 0.79239468]
 [1.51229474 0.67157914 1.0630393 ]
 [1.99880392 1.25432514 1.22974283]]: 4.021866158966857e-06
r = [[1.26698089 0.3776376  1.0345694 ]
 [1.94622627 0.78684074 0.79239468]
 [1.51229474 0.67157914 1.0630393 ]
 [1.99880392 1.25432514 1.22974283]]: 0.0001553679134563676
r = [[1.26698089 0.3776376  1.0345694 ]
 [1.94622627 0.78684074 0.79239468]
 [1.51229474 0.67157914 1.0630393 ]
 [1.99880392 1.25432514 1.22974283]]: 2.213753844314072e-05
r = [[1.26698089 0.3776376  1.0345694 ]
 [1.94622627 0.78684074 0.79239468]
 [1.51229474 0.67157914 1.0630393 ]
 [1.99880392 1.25432514 1.22974283]]: 9.592067414944592e-05
r = [[1.26698089 0.3776376  1.0345694 ]
 [1.94622627 0.78684074 0.79239468]
 [1.51229474 0.67157914 1.0630393 ]
 [1.99880392 1.25432514 1.22974283]]: 0.0001279845076039367
r = [[1.26698089 0.3776376  1.0345694 ]
 [1.94622627 0.78684074 0.79239468]
 [1.51229474 0.67157914 1.0630393 ]
 [1.99880392 1.25432514 1.22974283]]: 2.1807911902474837e-05
r = [[1.26698089 0.3776376  1.0345694 ]
 [1.94622627 0.78684074 0.79239468]
 [1.51229474 0.67157914 1.0630393 ]
 [1.99880392 1.25432514 1.22974283]]: 2.5831684037517074e-06
r = [[1.26698089 0.3776376  1.0345694 ]
 [1.94622627 0.78684074 0.79239468]
 [1.51229474 0.67157914 1.0630393 ]
 [1.99880392 1.25432514 1.22974283]]: 5.4501632088691366e-06
