r = [[1.71113801 1.65818178 1.04942606]
 [1.39215418 1.23481167 1.51793808]
 [0.92340657 0.70601399 1.03633764]
 [1.39113145 0.12324085 0.10479634]]: 1.1207709966194151e-05
r = [[1.71113801 1.65818178 1.04942606]
 [1.39215418 1.23481167 1.51793808]
 [0.92340657 0.70601399 1.03633764]
 [1.39113145 0.12324085 0.10479634]]: 0.00026123980985305807
r = [[1.71113801 1.65818178 1.04942606]
 [1.39215418 1.23481167 1.51793808]
 [0.92340657 0.70601399 1.03633764]
 [1.39113145 0.12324085 0.10479634]]: 3.1947914911662726e-06
r = [[1.71113801 1.65818178 1.04942606]
 [1.39215418 1.23481167 1.51793808]
 [0.92340657 0.70601399 1.03633764]
 [1.39113145 0.12324085 0.10479634]]: 5.8436108117478265e-06
r = [[1.71113801 1.65818178 1.04942606]
 [1.39215418 1.23481167 1.51793808]
 [0.92340657 0.70601399 1.03633764]
 [1.39113145 0.12324085 0.10479634]]: 8.000463952027661e-06
r = [[1.71113801 1.65818178 1.04942606]
 [1.39215418 1.23481167 1.51793808]
 [0.92340657 0.70601399 1.03633764]
 [1.39113145 0.12324085 0.10479634]]: 0.0005521634895038525
r = [[1.71113801 1.65818178 1.04942606]
 [1.39215418 1.23481167 1.51793808]
 [0.92340657 0.70601399 1.03633764]
 [1.39113145 0.12324085 0.10479634]]: 7.556088270835712e-05
r = [[1.71113801 1.65818178 1.04942606]
 [1.39215418 1.23481167 1.51793808]
 [0.92340657 0.70601399 1.03633764]
 [1.39113145 0.12324085 0.10479634]]: 0.0002861615518798187
r = [[1.71113801 1.65818178 1.04942606]
 [1.39215418 1.23481167 1.51793808]
 [0.92340657 0.70601399 1.03633764]
 [1.39113145 0.12324085 0.10479634]]: 1.068521961704911e-05
r = [[1.71113801 1.65818178 1.04942606]
 [1.39215418 1.23481167 1.51793808]
 [0.92340657 0.70601399 1.03633764]
 [1.39113145 0.12324085 0.10479634]]: 1.6644439970800056e-05
