r = [[  4.76008965  -6.38794485   6.21866334]
 [ -6.31563573   8.09418464  -7.02412763]
 [  4.16763423   8.91027463  -1.06868706]
 [ -9.73433629   2.72851195 -14.4692519 ]]: 0.029470519960990975
r = [[  4.76008965  -6.38794485   6.21866334]
 [ -6.31563573   8.09418464  -7.02412763]
 [  4.16763423   8.91027463  -1.06868706]
 [ -9.73433629   2.72851195 -14.4692519 ]]: 0.02048009494319558
r = [[  4.76008965  -6.38794485   6.21866334]
 [ -6.31563573   8.09418464  -7.02412763]
 [  4.16763423   8.91027463  -1.06868706]
 [ -9.73433629   2.72851195 -14.4692519 ]]: 0.1000274967934404
r = [[  4.76008965  -6.38794485   6.21866334]
 [ -6.31563573   8.09418464  -7.02412763]
 [  4.16763423   8.91027463  -1.06868706]
 [ -9.73433629   2.72851195 -14.4692519 ]]: 0.10530722819800888
r = [[  4.76008965  -6.38794485   6.21866334]
 [ -6.31563573   8.09418464  -7.02412763]
 [  4.16763423   8.91027463  -1.06868706]
 [ -9.73433629   2.72851195 -14.4692519 ]]: 0.20807824390275137
r = [[  4.76008965  -6.38794485   6.21866334]
 [ -6.31563573   8.09418464  -7.02412763]
 [  4.16763423   8.91027463  -1.06868706]
 [ -9.73433629   2.72851195 -14.4692519 ]]: 0.011103852552228741
r = [[  4.76008965  -6.38794485   6.21866334]
 [ -6.31563573   8.09418464  -7.02412763]
 [  4.16763423   8.91027463  -1.06868706]
 [ -9.73433629   2.72851195 -14.4692519 ]]: 0.0030194402705611928
r = [[  4.76008965  -6.38794485   6.21866334]
 [ -6.31563573   8.09418464  -7.02412763]
 [  4.16763423   8.91027463  -1.06868706]
 [ -9.73433629   2.72851195 -14.4692519 ]]: 0.027514617258150662
r = [[  4.76008965  -6.38794485   6.21866334]
 [ -6.31563573   8.09418464  -7.02412763]
 [  4.16763423   8.91027463  -1.06868706]
 [ -9.73433629   2.72851195 -14.4692519 ]]: 0.02498249084289585
r = [[  4.76008965  -6.38794485   6.21866334]
 [ -6.31563573   8.09418464  -7.02412763]
 [  4.16763423   8.91027463  -1.06868706]
 [ -9.73433629   2.72851195 -14.4692519 ]]: 0.10810383249606405
