r = [[1.2116455  1.2486725  1.73988633]
 [1.1637395  0.80518679 1.36432766]
 [1.70828122 1.92362702 0.55477247]
 [0.66646647 1.53146582 1.38444767]]: 0.00010405697490308999
r = [[1.2116455  1.2486725  1.73988633]
 [1.1637395  0.80518679 1.36432766]
 [1.70828122 1.92362702 0.55477247]
 [0.66646647 1.53146582 1.38444767]]: 0.000700148063645299
r = [[1.2116455  1.2486725  1.73988633]
 [1.1637395  0.80518679 1.36432766]
 [1.70828122 1.92362702 0.55477247]
 [0.66646647 1.53146582 1.38444767]]: 3.994344920751506e-05
r = [[1.2116455  1.2486725  1.73988633]
 [1.1637395  0.80518679 1.36432766]
 [1.70828122 1.92362702 0.55477247]
 [0.66646647 1.53146582 1.38444767]]: 1.2074362660184437e-05
r = [[1.2116455  1.2486725  1.73988633]
 [1.1637395  0.80518679 1.36432766]
 [1.70828122 1.92362702 0.55477247]
 [0.66646647 1.53146582 1.38444767]]: 0.0008001083364693581
r = [[1.2116455  1.2486725  1.73988633]
 [1.1637395  0.80518679 1.36432766]
 [1.70828122 1.92362702 0.55477247]
 [0.66646647 1.53146582 1.38444767]]: 9.112965212157828e-06
r = [[1.2116455  1.2486725  1.73988633]
 [1.1637395  0.80518679 1.36432766]
 [1.70828122 1.92362702 0.55477247]
 [0.66646647 1.53146582 1.38444767]]: 1.6852733356894794e-05
r = [[1.2116455  1.2486725  1.73988633]
 [1.1637395  0.80518679 1.36432766]
 [1.70828122 1.92362702 0.55477247]
 [0.66646647 1.53146582 1.38444767]]: 1.127769909154657e-05
r = [[1.2116455  1.2486725  1.73988633]
 [1.1637395  0.80518679 1.36432766]
 [1.70828122 1.92362702 0.55477247]
 [0.66646647 1.53146582 1.38444767]]: 0.0001554627342557069
r = [[1.2116455  1.2486725  1.73988633]
 [1.1637395  0.80518679 1.36432766]
 [1.70828122 1.92362702 0.55477247]
 [0.66646647 1.53146582 1.38444767]]: 0.0004923037860342967
