r = [[ -3.00302109  -2.77775265  -6.80799165]
 [  7.48204178  -2.92275981  -7.35027558]
 [ -7.11372808  12.34472602  -4.69489953]
 [-11.89259991 -13.08111845   4.46009681]]: 0.005585475591942668
r = [[ -3.00302109  -2.77775265  -6.80799165]
 [  7.48204178  -2.92275981  -7.35027558]
 [ -7.11372808  12.34472602  -4.69489953]
 [-11.89259991 -13.08111845   4.46009681]]: 0.06673969182052783
r = [[ -3.00302109  -2.77775265  -6.80799165]
 [  7.48204178  -2.92275981  -7.35027558]
 [ -7.11372808  12.34472602  -4.69489953]
 [-11.89259991 -13.08111845   4.46009681]]: 0.0010955316829495132
r = [[ -3.00302109  -2.77775265  -6.80799165]
 [  7.48204178  -2.92275981  -7.35027558]
 [ -7.11372808  12.34472602  -4.69489953]
 [-11.89259991 -13.08111845   4.46009681]]: 0.11242024361022881
r = [[ -3.00302109  -2.77775265  -6.80799165]
 [  7.48204178  -2.92275981  -7.35027558]
 [ -7.11372808  12.34472602  -4.69489953]
 [-11.89259991 -13.08111845   4.46009681]]: 0.10557999887636729
r = [[ -3.00302109  -2.77775265  -6.80799165]
 [  7.48204178  -2.92275981  -7.35027558]
 [ -7.11372808  12.34472602  -4.69489953]
 [-11.89259991 -13.08111845   4.46009681]]: 0.0015187889054816747
r = [[ -3.00302109  -2.77775265  -6.80799165]
 [  7.48204178  -2.92275981  -7.35027558]
 [ -7.11372808  12.34472602  -4.69489953]
 [-11.89259991 -13.08111845   4.46009681]]: 0.07771867979317904
r = [[ -3.00302109  -2.77775265  -6.80799165]
 [  7.48204178  -2.92275981  -7.35027558]
 [ -7.11372808  12.34472602  -4.69489953]
 [-11.89259991 -13.08111845   4.46009681]]: 0.012078993953764439
r = [[ -3.00302109  -2.77775265  -6.80799165]
 [  7.48204178  -2.92275981  -7.35027558]
 [ -7.11372808  12.34472602  -4.69489953]
 [-11.89259991 -13.08111845   4.46009681]]: 0.04480969726241061
r = [[ -3.00302109  -2.77775265  -6.80799165]
 [  7.48204178  -2.92275981  -7.35027558]
 [ -7.11372808  12.34472602  -4.69489953]
 [-11.89259991 -13.08111845   4.46009681]]: 0.042813740670681
