r = [[1.87920254 1.63669634 1.47978365]
 [0.23260402 1.42358358 0.15523744]
 [1.41233344 0.08067329 1.80178472]
 [0.22601473 0.24604848 0.23592001]]: 0.00025065012986098215
r = [[1.87920254 1.63669634 1.47978365]
 [0.23260402 1.42358358 0.15523744]
 [1.41233344 0.08067329 1.80178472]
 [0.22601473 0.24604848 0.23592001]]: 4.236114429139499e-06
r = [[1.87920254 1.63669634 1.47978365]
 [0.23260402 1.42358358 0.15523744]
 [1.41233344 0.08067329 1.80178472]
 [0.22601473 0.24604848 0.23592001]]: 2.48573621450175e-05
r = [[1.87920254 1.63669634 1.47978365]
 [0.23260402 1.42358358 0.15523744]
 [1.41233344 0.08067329 1.80178472]
 [0.22601473 0.24604848 0.23592001]]: 0.00010317811886904695
r = [[1.87920254 1.63669634 1.47978365]
 [0.23260402 1.42358358 0.15523744]
 [1.41233344 0.08067329 1.80178472]
 [0.22601473 0.24604848 0.23592001]]: 0.00021737531694400656
r = [[1.87920254 1.63669634 1.47978365]
 [0.23260402 1.42358358 0.15523744]
 [1.41233344 0.08067329 1.80178472]
 [0.22601473 0.24604848 0.23592001]]: 0.00042828333711700646
r = [[1.87920254 1.63669634 1.47978365]
 [0.23260402 1.42358358 0.15523744]
 [1.41233344 0.08067329 1.80178472]
 [0.22601473 0.24604848 0.23592001]]: 0.0003423955801866084
r = [[1.87920254 1.63669634 1.47978365]
 [0.23260402 1.42358358 0.15523744]
 [1.41233344 0.08067329 1.80178472]
 [0.22601473 0.24604848 0.23592001]]: 0.0004086090941979949
r = [[1.87920254 1.63669634 1.47978365]
 [0.23260402 1.42358358 0.15523744]
 [1.41233344 0.08067329 1.80178472]
 [0.22601473 0.24604848 0.23592001]]: 0.0004682090683283085
r = [[1.87920254 1.63669634 1.47978365]
 [0.23260402 1.42358358 0.15523744]
 [1.41233344 0.08067329 1.80178472]
 [0.22601473 0.24604848 0.23592001]]: 0.0002763742398071502
