r = [[1.04902065 1.91582909 1.3993844 ]
 [1.39155002 0.58293192 1.35656026]
 [0.49275377 1.78829242 1.19833002]
 [1.8709271  1.61407816 1.15711019]]: 0.00037872382745263167
r = [[1.04902065 1.91582909 1.3993844 ]
 [1.39155002 0.58293192 1.35656026]
 [0.49275377 1.78829242 1.19833002]
 [1.8709271  1.61407816 1.15711019]]: 0.00046014452475771705
r = [[1.04902065 1.91582909 1.3993844 ]
 [1.39155002 0.58293192 1.35656026]
 [0.49275377 1.78829242 1.19833002]
 [1.8709271  1.61407816 1.15711019]]: 0.0002891384761564301
r = [[1.04902065 1.91582909 1.3993844 ]
 [1.39155002 0.58293192 1.35656026]
 [0.49275377 1.78829242 1.19833002]
 [1.8709271  1.61407816 1.15711019]]: 0.00019073271635404256
r = [[1.04902065 1.91582909 1.3993844 ]
 [1.39155002 0.58293192 1.35656026]
 [0.49275377 1.78829242 1.19833002]
 [1.8709271  1.61407816 1.15711019]]: 0.00014219129765738865
r = [[1.04902065 1.91582909 1.3993844 ]
 [1.39155002 0.58293192 1.35656026]
 [0.49275377 1.78829242 1.19833002]
 [1.8709271  1.61407816 1.15711019]]: 0.00016294141044324663
r = [[1.04902065 1.91582909 1.3993844 ]
 [1.39155002 0.58293192 1.35656026]
 [0.49275377 1.78829242 1.19833002]
 [1.8709271  1.61407816 1.15711019]]: 1.7453704848386614e-05
r = [[1.04902065 1.91582909 1.3993844 ]
 [1.39155002 0.58293192 1.35656026]
 [0.49275377 1.78829242 1.19833002]
 [1.8709271  1.61407816 1.15711019]]: 1.908697648949393e-06
r = [[1.04902065 1.91582909 1.3993844 ]
 [1.39155002 0.58293192 1.35656026]
 [0.49275377 1.78829242 1.19833002]
 [1.8709271  1.61407816 1.15711019]]: 3.0092178349150345e-06
r = [[1.04902065 1.91582909 1.3993844 ]
 [1.39155002 0.58293192 1.35656026]
 [0.49275377 1.78829242 1.19833002]
 [1.8709271  1.61407816 1.15711019]]: 4.876812259421318e-06
