r = [[1.31927042 1.68169821 0.18235844]
 [1.28758701 0.79096926 1.94750336]
 [1.14052151 1.10590918 1.03445536]
 [0.42036799 0.64073677 1.86358996]]: 4.6667585723168615e-05
r = [[1.31927042 1.68169821 0.18235844]
 [1.28758701 0.79096926 1.94750336]
 [1.14052151 1.10590918 1.03445536]
 [0.42036799 0.64073677 1.86358996]]: 2.0095188249667573e-05
r = [[1.31927042 1.68169821 0.18235844]
 [1.28758701 0.79096926 1.94750336]
 [1.14052151 1.10590918 1.03445536]
 [0.42036799 0.64073677 1.86358996]]: 0.0002690427427296527
r = [[1.31927042 1.68169821 0.18235844]
 [1.28758701 0.79096926 1.94750336]
 [1.14052151 1.10590918 1.03445536]
 [0.42036799 0.64073677 1.86358996]]: 3.376957907416259e-05
r = [[1.31927042 1.68169821 0.18235844]
 [1.28758701 0.79096926 1.94750336]
 [1.14052151 1.10590918 1.03445536]
 [0.42036799 0.64073677 1.86358996]]: 0.00017069849179409045
r = [[1.31927042 1.68169821 0.18235844]
 [1.28758701 0.79096926 1.94750336]
 [1.14052151 1.10590918 1.03445536]
 [0.42036799 0.64073677 1.86358996]]: 0.000263469459501461
r = [[1.31927042 1.68169821 0.18235844]
 [1.28758701 0.79096926 1.94750336]
 [1.14052151 1.10590918 1.03445536]
 [0.42036799 0.64073677 1.86358996]]: 5.031158070778474e-05
r = [[1.31927042 1.68169821 0.18235844]
 [1.28758701 0.79096926 1.94750336]
 [1.14052151 1.10590918 1.03445536]
 [0.42036799 0.64073677 1.86358996]]: 2.660381109568074e-06
r = [[1.31927042 1.68169821 0.18235844]
 [1.28758701 0.79096926 1.94750336]
 [1.14052151 1.10590918 1.03445536]
 [0.42036799 0.64073677 1.86358996]]: 0.001162459238132994
r = [[1.31927042 1.68169821 0.18235844]
 [1.28758701 0.79096926 1.94750336]
 [1.14052151 1.10590918 1.03445536]
 [0.42036799 0.64073677 1.86358996]]: 7.135721846550171e-06
