r = [[0.87111028 0.47545314 1.39865096]
 [1.51361733 0.59799175 1.20156578]
 [0.47171406 0.85741593 0.38973316]
 [1.53194841 1.65817226 1.83922539]]: 0.0005578188055161652
r = [[0.87111028 0.47545314 1.39865096]
 [1.51361733 0.59799175 1.20156578]
 [0.47171406 0.85741593 0.38973316]
 [1.53194841 1.65817226 1.83922539]]: 2.1964577821823434e-05
r = [[0.87111028 0.47545314 1.39865096]
 [1.51361733 0.59799175 1.20156578]
 [0.47171406 0.85741593 0.38973316]
 [1.53194841 1.65817226 1.83922539]]: 8.170004483482834e-06
r = [[0.87111028 0.47545314 1.39865096]
 [1.51361733 0.59799175 1.20156578]
 [0.47171406 0.85741593 0.38973316]
 [1.53194841 1.65817226 1.83922539]]: 0.0005122097791172564
r = [[0.87111028 0.47545314 1.39865096]
 [1.51361733 0.59799175 1.20156578]
 [0.47171406 0.85741593 0.38973316]
 [1.53194841 1.65817226 1.83922539]]: 4.722619658943066e-05
r = [[0.87111028 0.47545314 1.39865096]
 [1.51361733 0.59799175 1.20156578]
 [0.47171406 0.85741593 0.38973316]
 [1.53194841 1.65817226 1.83922539]]: 1.7722037487796376e-05
r = [[0.87111028 0.47545314 1.39865096]
 [1.51361733 0.59799175 1.20156578]
 [0.47171406 0.85741593 0.38973316]
 [1.53194841 1.65817226 1.83922539]]: 3.469982818517435e-05
r = [[0.87111028 0.47545314 1.39865096]
 [1.51361733 0.59799175 1.20156578]
 [0.47171406 0.85741593 0.38973316]
 [1.53194841 1.65817226 1.83922539]]: 8.589210769319575e-05
r = [[0.87111028 0.47545314 1.39865096]
 [1.51361733 0.59799175 1.20156578]
 [0.47171406 0.85741593 0.38973316]
 [1.53194841 1.65817226 1.83922539]]: 4.1540192926601905e-05
r = [[0.87111028 0.47545314 1.39865096]
 [1.51361733 0.59799175 1.20156578]
 [0.47171406 0.85741593 0.38973316]
 [1.53194841 1.65817226 1.83922539]]: 1.9630672990647976e-06
