r = [[  1.58050439  -6.40151052  -9.7529663 ]
 [  6.25427288  -0.24954556   2.50718239]
 [ -4.53342673 -17.39244238  17.59834374]
 [  2.14174566  -6.6849342   -2.69475664]]: 0.006218722888401577
r = [[  1.58050439  -6.40151052  -9.7529663 ]
 [  6.25427288  -0.24954556   2.50718239]
 [ -4.53342673 -17.39244238  17.59834374]
 [  2.14174566  -6.6849342   -2.69475664]]: 0.006183842429891229
r = [[  1.58050439  -6.40151052  -9.7529663 ]
 [  6.25427288  -0.24954556   2.50718239]
 [ -4.53342673 -17.39244238  17.59834374]
 [  2.14174566  -6.6849342   -2.69475664]]: 0.018569475355824188
r = [[  1.58050439  -6.40151052  -9.7529663 ]
 [  6.25427288  -0.24954556   2.50718239]
 [ -4.53342673 -17.39244238  17.59834374]
 [  2.14174566  -6.6849342   -2.69475664]]: 0.0031605339609086514
r = [[  1.58050439  -6.40151052  -9.7529663 ]
 [  6.25427288  -0.24954556   2.50718239]
 [ -4.53342673 -17.39244238  17.59834374]
 [  2.14174566  -6.6849342   -2.69475664]]: 0.0011276279359922878
r = [[  1.58050439  -6.40151052  -9.7529663 ]
 [  6.25427288  -0.24954556   2.50718239]
 [ -4.53342673 -17.39244238  17.59834374]
 [  2.14174566  -6.6849342   -2.69475664]]: 0.20292341017297336
r = [[  1.58050439  -6.40151052  -9.7529663 ]
 [  6.25427288  -0.24954556   2.50718239]
 [ -4.53342673 -17.39244238  17.59834374]
 [  2.14174566  -6.6849342   -2.69475664]]: 0.006841411281909261
r = [[  1.58050439  -6.40151052  -9.7529663 ]
 [  6.25427288  -0.24954556   2.50718239]
 [ -4.53342673 -17.39244238  17.59834374]
 [  2.14174566  -6.6849342   -2.69475664]]: 0.037724664501313655
r = [[  1.58050439  -6.40151052  -9.7529663 ]
 [  6.25427288  -0.24954556   2.50718239]
 [ -4.53342673 -17.39244238  17.59834374]
 [  2.14174566  -6.6849342   -2.69475664]]: 0.06018330223326172
r = [[  1.58050439  -6.40151052  -9.7529663 ]
 [  6.25427288  -0.24954556   2.50718239]
 [ -4.53342673 -17.39244238  17.59834374]
 [  2.14174566  -6.6849342   -2.69475664]]: 0.0054418162908405066
