r = [[1.42578284 0.53963211 1.36572488]
 [0.26001172 0.1113577  0.36131931]
 [0.92930218 1.14635653 0.14406807]
 [0.45887805 1.81297967 1.05753389]]: 3.6495896438282216e-06
r = [[1.42578284 0.53963211 1.36572488]
 [0.26001172 0.1113577  0.36131931]
 [0.92930218 1.14635653 0.14406807]
 [0.45887805 1.81297967 1.05753389]]: 0.0001387114410005909
r = [[1.42578284 0.53963211 1.36572488]
 [0.26001172 0.1113577  0.36131931]
 [0.92930218 1.14635653 0.14406807]
 [0.45887805 1.81297967 1.05753389]]: 2.5141705789012903e-06
r = [[1.42578284 0.53963211 1.36572488]
 [0.26001172 0.1113577  0.36131931]
 [0.92930218 1.14635653 0.14406807]
 [0.45887805 1.81297967 1.05753389]]: 1.641421515939458e-05
r = [[1.42578284 0.53963211 1.36572488]
 [0.26001172 0.1113577  0.36131931]
 [0.92930218 1.14635653 0.14406807]
 [0.45887805 1.81297967 1.05753389]]: 0.0001359989387960273
r = [[1.42578284 0.53963211 1.36572488]
 [0.26001172 0.1113577  0.36131931]
 [0.92930218 1.14635653 0.14406807]
 [0.45887805 1.81297967 1.05753389]]: 2.544585413488676e-05
r = [[1.42578284 0.53963211 1.36572488]
 [0.26001172 0.1113577  0.36131931]
 [0.92930218 1.14635653 0.14406807]
 [0.45887805 1.81297967 1.05753389]]: 6.837833877528153e-06
r = [[1.42578284 0.53963211 1.36572488]
 [0.26001172 0.1113577  0.36131931]
 [0.92930218 1.14635653 0.14406807]
 [0.45887805 1.81297967 1.05753389]]: 0.00023999279281789704
r = [[1.42578284 0.53963211 1.36572488]
 [0.26001172 0.1113577  0.36131931]
 [0.92930218 1.14635653 0.14406807]
 [0.45887805 1.81297967 1.05753389]]: 5.160343204936778e-06
r = [[1.42578284 0.53963211 1.36572488]
 [0.26001172 0.1113577  0.36131931]
 [0.92930218 1.14635653 0.14406807]
 [0.45887805 1.81297967 1.05753389]]: 7.062799974327001e-06
