r = [[ 6.63641681  4.64906097 -1.40573741]
 [10.1188362  -4.17619198 -0.1507527 ]
 [-0.95598738 10.90099041  0.59967145]
 [-5.24801742 -5.5005487   7.44316254]]: 0.04180091167134898
r = [[ 6.63641681  4.64906097 -1.40573741]
 [10.1188362  -4.17619198 -0.1507527 ]
 [-0.95598738 10.90099041  0.59967145]
 [-5.24801742 -5.5005487   7.44316254]]: 0.018364416701453074
r = [[ 6.63641681  4.64906097 -1.40573741]
 [10.1188362  -4.17619198 -0.1507527 ]
 [-0.95598738 10.90099041  0.59967145]
 [-5.24801742 -5.5005487   7.44316254]]: 0.0734732196267162
r = [[ 6.63641681  4.64906097 -1.40573741]
 [10.1188362  -4.17619198 -0.1507527 ]
 [-0.95598738 10.90099041  0.59967145]
 [-5.24801742 -5.5005487   7.44316254]]: 0.01877993844183428
r = [[ 6.63641681  4.64906097 -1.40573741]
 [10.1188362  -4.17619198 -0.1507527 ]
 [-0.95598738 10.90099041  0.59967145]
 [-5.24801742 -5.5005487   7.44316254]]: 0.004179187052484069
r = [[ 6.63641681  4.64906097 -1.40573741]
 [10.1188362  -4.17619198 -0.1507527 ]
 [-0.95598738 10.90099041  0.59967145]
 [-5.24801742 -5.5005487   7.44316254]]: 0.0038845270007316557
r = [[ 6.63641681  4.64906097 -1.40573741]
 [10.1188362  -4.17619198 -0.1507527 ]
 [-0.95598738 10.90099041  0.59967145]
 [-5.24801742 -5.5005487   7.44316254]]: 0.012753391239259924
r = [[ 6.63641681  4.64906097 -1.40573741]
 [10.1188362  -4.17619198 -0.1507527 ]
 [-0.95598738 10.90099041  0.59967145]
 [-5.24801742 -5.5005487   7.44316254]]: 0.06842846626282803
r = [[ 6.63641681  4.64906097 -1.40573741]
 [10.1188362  -4.17619198 -0.1507527 ]
 [-0.95598738 10.90099041  0.59967145]
 [-5.24801742 -5.5005487   7.44316254]]: 0.0091080850522433
r = [[ 6.63641681  4.64906097 -1.40573741]
 [10.1188362  -4.17619198 -0.1507527 ]
 [-0.95598738 10.90099041  0.59967145]
 [-5.24801742 -5.5005487   7.44316254]]: 0.02004257233680359
