r = [[ 6.14515998e+00  1.19292714e+01 -3.82079859e+00]
 [-3.94394960e+00  9.74586722e-02 -1.00452320e+01]
 [-4.16240862e+00  4.95173105e+00 -1.35342766e-01]
 [ 9.75039220e+00 -1.04550177e-02 -4.04805403e+00]]: 0.011952473266449357
r = [[ 6.14515998e+00  1.19292714e+01 -3.82079859e+00]
 [-3.94394960e+00  9.74586722e-02 -1.00452320e+01]
 [-4.16240862e+00  4.95173105e+00 -1.35342766e-01]
 [ 9.75039220e+00 -1.04550177e-02 -4.04805403e+00]]: 0.028484044380352964
r = [[ 6.14515998e+00  1.19292714e+01 -3.82079859e+00]
 [-3.94394960e+00  9.74586722e-02 -1.00452320e+01]
 [-4.16240862e+00  4.95173105e+00 -1.35342766e-01]
 [ 9.75039220e+00 -1.04550177e-02 -4.04805403e+00]]: 0.03045069143575217
r = [[ 6.14515998e+00  1.19292714e+01 -3.82079859e+00]
 [-3.94394960e+00  9.74586722e-02 -1.00452320e+01]
 [-4.16240862e+00  4.95173105e+00 -1.35342766e-01]
 [ 9.75039220e+00 -1.04550177e-02 -4.04805403e+00]]: 0.0002286259103649562
r = [[ 6.14515998e+00  1.19292714e+01 -3.82079859e+00]
 [-3.94394960e+00  9.74586722e-02 -1.00452320e+01]
 [-4.16240862e+00  4.95173105e+00 -1.35342766e-01]
 [ 9.75039220e+00 -1.04550177e-02 -4.04805403e+00]]: 0.028294752950647047
r = [[ 6.14515998e+00  1.19292714e+01 -3.82079859e+00]
 [-3.94394960e+00  9.74586722e-02 -1.00452320e+01]
 [-4.16240862e+00  4.95173105e+00 -1.35342766e-01]
 [ 9.75039220e+00 -1.04550177e-02 -4.04805403e+00]]: 0.07670660689473152
r = [[ 6.14515998e+00  1.19292714e+01 -3.82079859e+00]
 [-3.94394960e+00  9.74586722e-02 -1.00452320e+01]
 [-4.16240862e+00  4.95173105e+00 -1.35342766e-01]
 [ 9.75039220e+00 -1.04550177e-02 -4.04805403e+00]]: 0.009783270136852349
r = [[ 6.14515998e+00  1.19292714e+01 -3.82079859e+00]
 [-3.94394960e+00  9.74586722e-02 -1.00452320e+01]
 [-4.16240862e+00  4.95173105e+00 -1.35342766e-01]
 [ 9.75039220e+00 -1.04550177e-02 -4.04805403e+00]]: 0.10625639690884522
r = [[ 6.14515998e+00  1.19292714e+01 -3.82079859e+00]
 [-3.94394960e+00  9.74586722e-02 -1.00452320e+01]
 [-4.16240862e+00  4.95173105e+00 -1.35342766e-01]
 [ 9.75039220e+00 -1.04550177e-02 -4.04805403e+00]]: 0.0020658646992939922
r = [[ 6.14515998e+00  1.19292714e+01 -3.82079859e+00]
 [-3.94394960e+00  9.74586722e-02 -1.00452320e+01]
 [-4.16240862e+00  4.95173105e+00 -1.35342766e-01]
 [ 9.75039220e+00 -1.04550177e-02 -4.04805403e+00]]: 0.023216867486813238
