r = [[ -0.91812801  20.82008087   3.41653166]
 [  2.04148563   5.01230659  15.9562518 ]
 [ -7.01087632   3.96941419  -9.18206962]
 [ -8.95570052 -13.55281619 -12.38685701]]: 0.03590342598701162
r = [[ -0.91812801  20.82008087   3.41653166]
 [  2.04148563   5.01230659  15.9562518 ]
 [ -7.01087632   3.96941419  -9.18206962]
 [ -8.95570052 -13.55281619 -12.38685701]]: 0.040245519684893746
r = [[ -0.91812801  20.82008087   3.41653166]
 [  2.04148563   5.01230659  15.9562518 ]
 [ -7.01087632   3.96941419  -9.18206962]
 [ -8.95570052 -13.55281619 -12.38685701]]: 0.06077732205657022
r = [[ -0.91812801  20.82008087   3.41653166]
 [  2.04148563   5.01230659  15.9562518 ]
 [ -7.01087632   3.96941419  -9.18206962]
 [ -8.95570052 -13.55281619 -12.38685701]]: 0.008759080432355404
r = [[ -0.91812801  20.82008087   3.41653166]
 [  2.04148563   5.01230659  15.9562518 ]
 [ -7.01087632   3.96941419  -9.18206962]
 [ -8.95570052 -13.55281619 -12.38685701]]: 0.009074892948514648
r = [[ -0.91812801  20.82008087   3.41653166]
 [  2.04148563   5.01230659  15.9562518 ]
 [ -7.01087632   3.96941419  -9.18206962]
 [ -8.95570052 -13.55281619 -12.38685701]]: 0.009118916017801635
r = [[ -0.91812801  20.82008087   3.41653166]
 [  2.04148563   5.01230659  15.9562518 ]
 [ -7.01087632   3.96941419  -9.18206962]
 [ -8.95570052 -13.55281619 -12.38685701]]: 0.15902651181178434
r = [[ -0.91812801  20.82008087   3.41653166]
 [  2.04148563   5.01230659  15.9562518 ]
 [ -7.01087632   3.96941419  -9.18206962]
 [ -8.95570052 -13.55281619 -12.38685701]]: 0.001604043970084084
r = [[ -0.91812801  20.82008087   3.41653166]
 [  2.04148563   5.01230659  15.9562518 ]
 [ -7.01087632   3.96941419  -9.18206962]
 [ -8.95570052 -13.55281619 -12.38685701]]: 0.03654790376978261
r = [[ -0.91812801  20.82008087   3.41653166]
 [  2.04148563   5.01230659  15.9562518 ]
 [ -7.01087632   3.96941419  -9.18206962]
 [ -8.95570052 -13.55281619 -12.38685701]]: 0.012338915241083928
