r = [[0.51893138 0.11349663 0.68234271]
 [0.5760874  0.02213108 1.87719351]
 [1.45173651 0.33455511 0.98332066]
 [0.73814037 1.48579256 1.47856664]]: 3.7253459400484904e-06
r = [[0.51893138 0.11349663 0.68234271]
 [0.5760874  0.02213108 1.87719351]
 [1.45173651 0.33455511 0.98332066]
 [0.73814037 1.48579256 1.47856664]]: 1.3370832838128471e-05
r = [[0.51893138 0.11349663 0.68234271]
 [0.5760874  0.02213108 1.87719351]
 [1.45173651 0.33455511 0.98332066]
 [0.73814037 1.48579256 1.47856664]]: 0.0004779624089548763
r = [[0.51893138 0.11349663 0.68234271]
 [0.5760874  0.02213108 1.87719351]
 [1.45173651 0.33455511 0.98332066]
 [0.73814037 1.48579256 1.47856664]]: 0.0001903693646454485
r = [[0.51893138 0.11349663 0.68234271]
 [0.5760874  0.02213108 1.87719351]
 [1.45173651 0.33455511 0.98332066]
 [0.73814037 1.48579256 1.47856664]]: 5.436520223156549e-05
r = [[0.51893138 0.11349663 0.68234271]
 [0.5760874  0.02213108 1.87719351]
 [1.45173651 0.33455511 0.98332066]
 [0.73814037 1.48579256 1.47856664]]: 7.287236439879052e-05
r = [[0.51893138 0.11349663 0.68234271]
 [0.5760874  0.02213108 1.87719351]
 [1.45173651 0.33455511 0.98332066]
 [0.73814037 1.48579256 1.47856664]]: 2.6919117252483765e-05
r = [[0.51893138 0.11349663 0.68234271]
 [0.5760874  0.02213108 1.87719351]
 [1.45173651 0.33455511 0.98332066]
 [0.73814037 1.48579256 1.47856664]]: 8.340957252325356e-05
r = [[0.51893138 0.11349663 0.68234271]
 [0.5760874  0.02213108 1.87719351]
 [1.45173651 0.33455511 0.98332066]
 [0.73814037 1.48579256 1.47856664]]: 0.0006493995918260355
r = [[0.51893138 0.11349663 0.68234271]
 [0.5760874  0.02213108 1.87719351]
 [1.45173651 0.33455511 0.98332066]
 [0.73814037 1.48579256 1.47856664]]: 0.00014821242075413465
