r = [[0.55611054 1.78023413 1.26174554]
 [0.9921014  1.24949055 1.14428959]
 [0.51581847 1.5853051  1.72196227]
 [1.90744992 0.88193937 0.72202361]]: 0.00013625943081154089
r = [[0.55611054 1.78023413 1.26174554]
 [0.9921014  1.24949055 1.14428959]
 [0.51581847 1.5853051  1.72196227]
 [1.90744992 0.88193937 0.72202361]]: 5.843491960279477e-06
r = [[0.55611054 1.78023413 1.26174554]
 [0.9921014  1.24949055 1.14428959]
 [0.51581847 1.5853051  1.72196227]
 [1.90744992 0.88193937 0.72202361]]: 2.5007802995397858e-06
r = [[0.55611054 1.78023413 1.26174554]
 [0.9921014  1.24949055 1.14428959]
 [0.51581847 1.5853051  1.72196227]
 [1.90744992 0.88193937 0.72202361]]: 1.5798558446736672e-05
r = [[0.55611054 1.78023413 1.26174554]
 [0.9921014  1.24949055 1.14428959]
 [0.51581847 1.5853051  1.72196227]
 [1.90744992 0.88193937 0.72202361]]: 0.0002878008511158571
r = [[0.55611054 1.78023413 1.26174554]
 [0.9921014  1.24949055 1.14428959]
 [0.51581847 1.5853051  1.72196227]
 [1.90744992 0.88193937 0.72202361]]: 0.0016709139454178512
r = [[0.55611054 1.78023413 1.26174554]
 [0.9921014  1.24949055 1.14428959]
 [0.51581847 1.5853051  1.72196227]
 [1.90744992 0.88193937 0.72202361]]: 4.896047422724743e-06
r = [[0.55611054 1.78023413 1.26174554]
 [0.9921014  1.24949055 1.14428959]
 [0.51581847 1.5853051  1.72196227]
 [1.90744992 0.88193937 0.72202361]]: 0.00017777556994198157
r = [[0.55611054 1.78023413 1.26174554]
 [0.9921014  1.24949055 1.14428959]
 [0.51581847 1.5853051  1.72196227]
 [1.90744992 0.88193937 0.72202361]]: 2.7481439052020766e-06
r = [[0.55611054 1.78023413 1.26174554]
 [0.9921014  1.24949055 1.14428959]
 [0.51581847 1.5853051  1.72196227]
 [1.90744992 0.88193937 0.72202361]]: 5.8443425197245756e-05
