r = [[ -5.99456872   9.65376053  -3.51356926]
 [ 13.09593069   1.95261028 -22.06447823]
 [-12.47298555  -5.04901621  -2.2519443 ]
 [  5.2181439    2.70664368  10.18322207]]: 0.0010996840844329978
r = [[ -5.99456872   9.65376053  -3.51356926]
 [ 13.09593069   1.95261028 -22.06447823]
 [-12.47298555  -5.04901621  -2.2519443 ]
 [  5.2181439    2.70664368  10.18322207]]: 0.018212203169241548
r = [[ -5.99456872   9.65376053  -3.51356926]
 [ 13.09593069   1.95261028 -22.06447823]
 [-12.47298555  -5.04901621  -2.2519443 ]
 [  5.2181439    2.70664368  10.18322207]]: 0.0007294197982576277
r = [[ -5.99456872   9.65376053  -3.51356926]
 [ 13.09593069   1.95261028 -22.06447823]
 [-12.47298555  -5.04901621  -2.2519443 ]
 [  5.2181439    2.70664368  10.18322207]]: 0.029794061423412392
r = [[ -5.99456872   9.65376053  -3.51356926]
 [ 13.09593069   1.95261028 -22.06447823]
 [-12.47298555  -5.04901621  -2.2519443 ]
 [  5.2181439    2.70664368  10.18322207]]: 0.004038705889667783
r = [[ -5.99456872   9.65376053  -3.51356926]
 [ 13.09593069   1.95261028 -22.06447823]
 [-12.47298555  -5.04901621  -2.2519443 ]
 [  5.2181439    2.70664368  10.18322207]]: 0.013131956769419568
r = [[ -5.99456872   9.65376053  -3.51356926]
 [ 13.09593069   1.95261028 -22.06447823]
 [-12.47298555  -5.04901621  -2.2519443 ]
 [  5.2181439    2.70664368  10.18322207]]: 0.03647249038996441
r = [[ -5.99456872   9.65376053  -3.51356926]
 [ 13.09593069   1.95261028 -22.06447823]
 [-12.47298555  -5.04901621  -2.2519443 ]
 [  5.2181439    2.70664368  10.18322207]]: 0.005821407938908253
r = [[ -5.99456872   9.65376053  -3.51356926]
 [ 13.09593069   1.95261028 -22.06447823]
 [-12.47298555  -5.04901621  -2.2519443 ]
 [  5.2181439    2.70664368  10.18322207]]: 0.003394446302471416
r = [[ -5.99456872   9.65376053  -3.51356926]
 [ 13.09593069   1.95261028 -22.06447823]
 [-12.47298555  -5.04901621  -2.2519443 ]
 [  5.2181439    2.70664368  10.18322207]]: 0.01218980404415301
