r = [[1.40846569 0.00918876 0.88445943]
 [1.2978121  0.75584107 0.96783364]
 [1.80374509 1.05559993 1.4089226 ]
 [0.42969336 1.41787389 1.06048088]]: 1.6804321863414122e-05
r = [[1.40846569 0.00918876 0.88445943]
 [1.2978121  0.75584107 0.96783364]
 [1.80374509 1.05559993 1.4089226 ]
 [0.42969336 1.41787389 1.06048088]]: 0.00039828343558058677
r = [[1.40846569 0.00918876 0.88445943]
 [1.2978121  0.75584107 0.96783364]
 [1.80374509 1.05559993 1.4089226 ]
 [0.42969336 1.41787389 1.06048088]]: 0.00010180478212922546
r = [[1.40846569 0.00918876 0.88445943]
 [1.2978121  0.75584107 0.96783364]
 [1.80374509 1.05559993 1.4089226 ]
 [0.42969336 1.41787389 1.06048088]]: 9.407797408909704e-06
r = [[1.40846569 0.00918876 0.88445943]
 [1.2978121  0.75584107 0.96783364]
 [1.80374509 1.05559993 1.4089226 ]
 [0.42969336 1.41787389 1.06048088]]: 0.00043576616319894256
r = [[1.40846569 0.00918876 0.88445943]
 [1.2978121  0.75584107 0.96783364]
 [1.80374509 1.05559993 1.4089226 ]
 [0.42969336 1.41787389 1.06048088]]: 3.3204902462914886e-05
r = [[1.40846569 0.00918876 0.88445943]
 [1.2978121  0.75584107 0.96783364]
 [1.80374509 1.05559993 1.4089226 ]
 [0.42969336 1.41787389 1.06048088]]: 0.00022892057651396108
r = [[1.40846569 0.00918876 0.88445943]
 [1.2978121  0.75584107 0.96783364]
 [1.80374509 1.05559993 1.4089226 ]
 [0.42969336 1.41787389 1.06048088]]: 0.00039213034896030355
r = [[1.40846569 0.00918876 0.88445943]
 [1.2978121  0.75584107 0.96783364]
 [1.80374509 1.05559993 1.4089226 ]
 [0.42969336 1.41787389 1.06048088]]: 0.0002971150482023534
r = [[1.40846569 0.00918876 0.88445943]
 [1.2978121  0.75584107 0.96783364]
 [1.80374509 1.05559993 1.4089226 ]
 [0.42969336 1.41787389 1.06048088]]: 0.0005066499626471861
