r = [[-8.69334215 18.85422307 -0.8152993 ]
 [-3.44871038 -0.48089894 -5.69175818]
 [-4.4834644  -9.77176956  2.97351134]
 [-1.02464938  1.54551404  8.98411285]]: 0.04880184440740517
r = [[-8.69334215 18.85422307 -0.8152993 ]
 [-3.44871038 -0.48089894 -5.69175818]
 [-4.4834644  -9.77176956  2.97351134]
 [-1.02464938  1.54551404  8.98411285]]: 0.03603313045044031
r = [[-8.69334215 18.85422307 -0.8152993 ]
 [-3.44871038 -0.48089894 -5.69175818]
 [-4.4834644  -9.77176956  2.97351134]
 [-1.02464938  1.54551404  8.98411285]]: 0.002271281139525984
r = [[-8.69334215 18.85422307 -0.8152993 ]
 [-3.44871038 -0.48089894 -5.69175818]
 [-4.4834644  -9.77176956  2.97351134]
 [-1.02464938  1.54551404  8.98411285]]: 0.001066827290092728
r = [[-8.69334215 18.85422307 -0.8152993 ]
 [-3.44871038 -0.48089894 -5.69175818]
 [-4.4834644  -9.77176956  2.97351134]
 [-1.02464938  1.54551404  8.98411285]]: 0.051108252190585644
r = [[-8.69334215 18.85422307 -0.8152993 ]
 [-3.44871038 -0.48089894 -5.69175818]
 [-4.4834644  -9.77176956  2.97351134]
 [-1.02464938  1.54551404  8.98411285]]: 0.002083956130913326
r = [[-8.69334215 18.85422307 -0.8152993 ]
 [-3.44871038 -0.48089894 -5.69175818]
 [-4.4834644  -9.77176956  2.97351134]
 [-1.02464938  1.54551404  8.98411285]]: 0.03852355693067823
r = [[-8.69334215 18.85422307 -0.8152993 ]
 [-3.44871038 -0.48089894 -5.69175818]
 [-4.4834644  -9.77176956  2.97351134]
 [-1.02464938  1.54551404  8.98411285]]: 0.001121238830299782
r = [[-8.69334215 18.85422307 -0.8152993 ]
 [-3.44871038 -0.48089894 -5.69175818]
 [-4.4834644  -9.77176956  2.97351134]
 [-1.02464938  1.54551404  8.98411285]]: 0.0011399229489532964
r = [[-8.69334215 18.85422307 -0.8152993 ]
 [-3.44871038 -0.48089894 -5.69175818]
 [-4.4834644  -9.77176956  2.97351134]
 [-1.02464938  1.54551404  8.98411285]]: 0.06933511434389013
