r = [[0.28028954 0.96425944 0.25971904]
 [0.30109529 0.79619691 0.29174181]
 [0.7867243  0.90644634 0.19192691]
 [0.15069147 0.53929396 1.59295766]]: 6.869139789549601e-05
r = [[0.28028954 0.96425944 0.25971904]
 [0.30109529 0.79619691 0.29174181]
 [0.7867243  0.90644634 0.19192691]
 [0.15069147 0.53929396 1.59295766]]: 0.0003809686822933145
r = [[0.28028954 0.96425944 0.25971904]
 [0.30109529 0.79619691 0.29174181]
 [0.7867243  0.90644634 0.19192691]
 [0.15069147 0.53929396 1.59295766]]: 1.809557852539001e-05
r = [[0.28028954 0.96425944 0.25971904]
 [0.30109529 0.79619691 0.29174181]
 [0.7867243  0.90644634 0.19192691]
 [0.15069147 0.53929396 1.59295766]]: 0.0005966532837971629
r = [[0.28028954 0.96425944 0.25971904]
 [0.30109529 0.79619691 0.29174181]
 [0.7867243  0.90644634 0.19192691]
 [0.15069147 0.53929396 1.59295766]]: 0.00014925184119160155
r = [[0.28028954 0.96425944 0.25971904]
 [0.30109529 0.79619691 0.29174181]
 [0.7867243  0.90644634 0.19192691]
 [0.15069147 0.53929396 1.59295766]]: 0.0011011121096089482
r = [[0.28028954 0.96425944 0.25971904]
 [0.30109529 0.79619691 0.29174181]
 [0.7867243  0.90644634 0.19192691]
 [0.15069147 0.53929396 1.59295766]]: 0.00018315238048671745
r = [[0.28028954 0.96425944 0.25971904]
 [0.30109529 0.79619691 0.29174181]
 [0.7867243  0.90644634 0.19192691]
 [0.15069147 0.53929396 1.59295766]]: 0.00011236809067278435
r = [[0.28028954 0.96425944 0.25971904]
 [0.30109529 0.79619691 0.29174181]
 [0.7867243  0.90644634 0.19192691]
 [0.15069147 0.53929396 1.59295766]]: 2.224856984867074e-06
r = [[0.28028954 0.96425944 0.25971904]
 [0.30109529 0.79619691 0.29174181]
 [0.7867243  0.90644634 0.19192691]
 [0.15069147 0.53929396 1.59295766]]: 8.034537521390511e-06
