r = [[1.83725619 1.96806611 0.3596164 ]
 [0.37434966 0.51234821 0.6616131 ]
 [1.07184997 1.11455351 0.71818092]
 [1.77715725 0.14756387 0.13718169]]: 1.2715160404955636e-05
r = [[1.83725619 1.96806611 0.3596164 ]
 [0.37434966 0.51234821 0.6616131 ]
 [1.07184997 1.11455351 0.71818092]
 [1.77715725 0.14756387 0.13718169]]: 6.174360026177185e-06
r = [[1.83725619 1.96806611 0.3596164 ]
 [0.37434966 0.51234821 0.6616131 ]
 [1.07184997 1.11455351 0.71818092]
 [1.77715725 0.14756387 0.13718169]]: 4.888562762062065e-05
r = [[1.83725619 1.96806611 0.3596164 ]
 [0.37434966 0.51234821 0.6616131 ]
 [1.07184997 1.11455351 0.71818092]
 [1.77715725 0.14756387 0.13718169]]: 0.0003497086654533632
r = [[1.83725619 1.96806611 0.3596164 ]
 [0.37434966 0.51234821 0.6616131 ]
 [1.07184997 1.11455351 0.71818092]
 [1.77715725 0.14756387 0.13718169]]: 2.5965246485221932e-05
r = [[1.83725619 1.96806611 0.3596164 ]
 [0.37434966 0.51234821 0.6616131 ]
 [1.07184997 1.11455351 0.71818092]
 [1.77715725 0.14756387 0.13718169]]: 0.0003605232481537054
r = [[1.83725619 1.96806611 0.3596164 ]
 [0.37434966 0.51234821 0.6616131 ]
 [1.07184997 1.11455351 0.71818092]
 [1.77715725 0.14756387 0.13718169]]: 7.013478222818646e-06
r = [[1.83725619 1.96806611 0.3596164 ]
 [0.37434966 0.51234821 0.6616131 ]
 [1.07184997 1.11455351 0.71818092]
 [1.77715725 0.14756387 0.13718169]]: 0.0002371463820704126
r = [[1.83725619 1.96806611 0.3596164 ]
 [0.37434966 0.51234821 0.6616131 ]
 [1.07184997 1.11455351 0.71818092]
 [1.77715725 0.14756387 0.13718169]]: 0.0005578890192867091
r = [[1.83725619 1.96806611 0.3596164 ]
 [0.37434966 0.51234821 0.6616131 ]
 [1.07184997 1.11455351 0.71818092]
 [1.77715725 0.14756387 0.13718169]]: 1.1430510377457332e-05
