r = [[0.87191353 1.79150856 0.14273561]
 [1.88136605 0.22742738 0.42844003]
 [1.72787339 1.33497911 1.53796787]
 [0.75966434 1.71213864 1.79566122]]: 4.8414205074160625e-06
r = [[0.87191353 1.79150856 0.14273561]
 [1.88136605 0.22742738 0.42844003]
 [1.72787339 1.33497911 1.53796787]
 [0.75966434 1.71213864 1.79566122]]: 0.00028848930482386744
r = [[0.87191353 1.79150856 0.14273561]
 [1.88136605 0.22742738 0.42844003]
 [1.72787339 1.33497911 1.53796787]
 [0.75966434 1.71213864 1.79566122]]: 0.00010120306251337752
r = [[0.87191353 1.79150856 0.14273561]
 [1.88136605 0.22742738 0.42844003]
 [1.72787339 1.33497911 1.53796787]
 [0.75966434 1.71213864 1.79566122]]: 1.2831338868376666e-05
r = [[0.87191353 1.79150856 0.14273561]
 [1.88136605 0.22742738 0.42844003]
 [1.72787339 1.33497911 1.53796787]
 [0.75966434 1.71213864 1.79566122]]: 2.4759661235813318e-05
r = [[0.87191353 1.79150856 0.14273561]
 [1.88136605 0.22742738 0.42844003]
 [1.72787339 1.33497911 1.53796787]
 [0.75966434 1.71213864 1.79566122]]: 7.016273392374777e-06
r = [[0.87191353 1.79150856 0.14273561]
 [1.88136605 0.22742738 0.42844003]
 [1.72787339 1.33497911 1.53796787]
 [0.75966434 1.71213864 1.79566122]]: 4.292893728623832e-06
r = [[0.87191353 1.79150856 0.14273561]
 [1.88136605 0.22742738 0.42844003]
 [1.72787339 1.33497911 1.53796787]
 [0.75966434 1.71213864 1.79566122]]: 5.388461529167086e-06
r = [[0.87191353 1.79150856 0.14273561]
 [1.88136605 0.22742738 0.42844003]
 [1.72787339 1.33497911 1.53796787]
 [0.75966434 1.71213864 1.79566122]]: 3.4620740702199067e-06
r = [[0.87191353 1.79150856 0.14273561]
 [1.88136605 0.22742738 0.42844003]
 [1.72787339 1.33497911 1.53796787]
 [0.75966434 1.71213864 1.79566122]]: 0.0008917663944885135
