r = [[  5.86546617   2.54581081  -8.24241129]
 [-14.02156623  -5.02167454  -1.29846027]
 [ -8.44413142  -1.96971715  -7.92123122]
 [ 13.87085165   6.92336879   0.48134909]]: 0.0029136823889400277
r = [[  5.86546617   2.54581081  -8.24241129]
 [-14.02156623  -5.02167454  -1.29846027]
 [ -8.44413142  -1.96971715  -7.92123122]
 [ 13.87085165   6.92336879   0.48134909]]: 0.059327597596815655
r = [[  5.86546617   2.54581081  -8.24241129]
 [-14.02156623  -5.02167454  -1.29846027]
 [ -8.44413142  -1.96971715  -7.92123122]
 [ 13.87085165   6.92336879   0.48134909]]: 0.02222940804702895
r = [[  5.86546617   2.54581081  -8.24241129]
 [-14.02156623  -5.02167454  -1.29846027]
 [ -8.44413142  -1.96971715  -7.92123122]
 [ 13.87085165   6.92336879   0.48134909]]: 0.0018545088574423321
r = [[  5.86546617   2.54581081  -8.24241129]
 [-14.02156623  -5.02167454  -1.29846027]
 [ -8.44413142  -1.96971715  -7.92123122]
 [ 13.87085165   6.92336879   0.48134909]]: 0.026782729995570013
r = [[  5.86546617   2.54581081  -8.24241129]
 [-14.02156623  -5.02167454  -1.29846027]
 [ -8.44413142  -1.96971715  -7.92123122]
 [ 13.87085165   6.92336879   0.48134909]]: 0.0059828922468503675
r = [[  5.86546617   2.54581081  -8.24241129]
 [-14.02156623  -5.02167454  -1.29846027]
 [ -8.44413142  -1.96971715  -7.92123122]
 [ 13.87085165   6.92336879   0.48134909]]: 0.001091259515046009
r = [[  5.86546617   2.54581081  -8.24241129]
 [-14.02156623  -5.02167454  -1.29846027]
 [ -8.44413142  -1.96971715  -7.92123122]
 [ 13.87085165   6.92336879   0.48134909]]: 0.2599692924746445
r = [[  5.86546617   2.54581081  -8.24241129]
 [-14.02156623  -5.02167454  -1.29846027]
 [ -8.44413142  -1.96971715  -7.92123122]
 [ 13.87085165   6.92336879   0.48134909]]: 0.15116698161831923
r = [[  5.86546617   2.54581081  -8.24241129]
 [-14.02156623  -5.02167454  -1.29846027]
 [ -8.44413142  -1.96971715  -7.92123122]
 [ 13.87085165   6.92336879   0.48134909]]: 0.023991041351109743
