r = [[1.90353468 1.09059628 0.41912727]
 [0.42843658 1.262479   1.50902017]
 [0.62174626 1.40736263 0.12975679]
 [0.25848873 1.00383973 1.5925822 ]]: 0.00010963816436872418
r = [[1.90353468 1.09059628 0.41912727]
 [0.42843658 1.262479   1.50902017]
 [0.62174626 1.40736263 0.12975679]
 [0.25848873 1.00383973 1.5925822 ]]: 0.0004672546066493461
r = [[1.90353468 1.09059628 0.41912727]
 [0.42843658 1.262479   1.50902017]
 [0.62174626 1.40736263 0.12975679]
 [0.25848873 1.00383973 1.5925822 ]]: 0.0004505995654783744
r = [[1.90353468 1.09059628 0.41912727]
 [0.42843658 1.262479   1.50902017]
 [0.62174626 1.40736263 0.12975679]
 [0.25848873 1.00383973 1.5925822 ]]: 8.874846571416128e-06
r = [[1.90353468 1.09059628 0.41912727]
 [0.42843658 1.262479   1.50902017]
 [0.62174626 1.40736263 0.12975679]
 [0.25848873 1.00383973 1.5925822 ]]: 5.2547508987897474e-05
r = [[1.90353468 1.09059628 0.41912727]
 [0.42843658 1.262479   1.50902017]
 [0.62174626 1.40736263 0.12975679]
 [0.25848873 1.00383973 1.5925822 ]]: 2.65163214083129e-05
r = [[1.90353468 1.09059628 0.41912727]
 [0.42843658 1.262479   1.50902017]
 [0.62174626 1.40736263 0.12975679]
 [0.25848873 1.00383973 1.5925822 ]]: 0.0003411963043618016
r = [[1.90353468 1.09059628 0.41912727]
 [0.42843658 1.262479   1.50902017]
 [0.62174626 1.40736263 0.12975679]
 [0.25848873 1.00383973 1.5925822 ]]: 5.9866175173998014e-05
r = [[1.90353468 1.09059628 0.41912727]
 [0.42843658 1.262479   1.50902017]
 [0.62174626 1.40736263 0.12975679]
 [0.25848873 1.00383973 1.5925822 ]]: 2.2651903236692306e-05
r = [[1.90353468 1.09059628 0.41912727]
 [0.42843658 1.262479   1.50902017]
 [0.62174626 1.40736263 0.12975679]
 [0.25848873 1.00383973 1.5925822 ]]: 0.0006230035401780956
