r = [[0.31923628 1.247615   0.02218315]
 [0.52920588 0.2187925  1.78286272]
 [1.13185373 1.07116674 0.13846564]
 [0.58082282 1.93292362 1.38067566]]: 6.120793451762958e-05
r = [[0.31923628 1.247615   0.02218315]
 [0.52920588 0.2187925  1.78286272]
 [1.13185373 1.07116674 0.13846564]
 [0.58082282 1.93292362 1.38067566]]: 6.683159465735246e-05
r = [[0.31923628 1.247615   0.02218315]
 [0.52920588 0.2187925  1.78286272]
 [1.13185373 1.07116674 0.13846564]
 [0.58082282 1.93292362 1.38067566]]: 3.6373415566361344e-05
r = [[0.31923628 1.247615   0.02218315]
 [0.52920588 0.2187925  1.78286272]
 [1.13185373 1.07116674 0.13846564]
 [0.58082282 1.93292362 1.38067566]]: 0.0004286235200977119
r = [[0.31923628 1.247615   0.02218315]
 [0.52920588 0.2187925  1.78286272]
 [1.13185373 1.07116674 0.13846564]
 [0.58082282 1.93292362 1.38067566]]: 0.0006685398246710454
r = [[0.31923628 1.247615   0.02218315]
 [0.52920588 0.2187925  1.78286272]
 [1.13185373 1.07116674 0.13846564]
 [0.58082282 1.93292362 1.38067566]]: 0.00016171407917551863
r = [[0.31923628 1.247615   0.02218315]
 [0.52920588 0.2187925  1.78286272]
 [1.13185373 1.07116674 0.13846564]
 [0.58082282 1.93292362 1.38067566]]: 9.199163884789283e-05
r = [[0.31923628 1.247615   0.02218315]
 [0.52920588 0.2187925  1.78286272]
 [1.13185373 1.07116674 0.13846564]
 [0.58082282 1.93292362 1.38067566]]: 9.306637041715606e-06
r = [[0.31923628 1.247615   0.02218315]
 [0.52920588 0.2187925  1.78286272]
 [1.13185373 1.07116674 0.13846564]
 [0.58082282 1.93292362 1.38067566]]: 3.150451915904081e-05
r = [[0.31923628 1.247615   0.02218315]
 [0.52920588 0.2187925  1.78286272]
 [1.13185373 1.07116674 0.13846564]
 [0.58082282 1.93292362 1.38067566]]: 0.00018887264897265204
