r = [[1.67769487 1.35638215 0.19991816]
 [0.8984092  1.0630599  1.79734166]
 [1.81064222 1.73464426 1.92756648]
 [1.83083191 1.32574024 0.75045012]]: 0.00010839261033522365
r = [[1.67769487 1.35638215 0.19991816]
 [0.8984092  1.0630599  1.79734166]
 [1.81064222 1.73464426 1.92756648]
 [1.83083191 1.32574024 0.75045012]]: 2.0864752644099228e-05
r = [[1.67769487 1.35638215 0.19991816]
 [0.8984092  1.0630599  1.79734166]
 [1.81064222 1.73464426 1.92756648]
 [1.83083191 1.32574024 0.75045012]]: 0.0004524503622503419
r = [[1.67769487 1.35638215 0.19991816]
 [0.8984092  1.0630599  1.79734166]
 [1.81064222 1.73464426 1.92756648]
 [1.83083191 1.32574024 0.75045012]]: 0.0003866687220579479
r = [[1.67769487 1.35638215 0.19991816]
 [0.8984092  1.0630599  1.79734166]
 [1.81064222 1.73464426 1.92756648]
 [1.83083191 1.32574024 0.75045012]]: 0.00017177146531009515
r = [[1.67769487 1.35638215 0.19991816]
 [0.8984092  1.0630599  1.79734166]
 [1.81064222 1.73464426 1.92756648]
 [1.83083191 1.32574024 0.75045012]]: 0.00020401745080432323
r = [[1.67769487 1.35638215 0.19991816]
 [0.8984092  1.0630599  1.79734166]
 [1.81064222 1.73464426 1.92756648]
 [1.83083191 1.32574024 0.75045012]]: 2.013715844181466e-05
r = [[1.67769487 1.35638215 0.19991816]
 [0.8984092  1.0630599  1.79734166]
 [1.81064222 1.73464426 1.92756648]
 [1.83083191 1.32574024 0.75045012]]: 0.0001533983907263194
r = [[1.67769487 1.35638215 0.19991816]
 [0.8984092  1.0630599  1.79734166]
 [1.81064222 1.73464426 1.92756648]
 [1.83083191 1.32574024 0.75045012]]: 2.6984113251923452e-05
r = [[1.67769487 1.35638215 0.19991816]
 [0.8984092  1.0630599  1.79734166]
 [1.81064222 1.73464426 1.92756648]
 [1.83083191 1.32574024 0.75045012]]: 0.00013565252603647032
