r = [[ 3.91564143 -4.44642214  2.72595525]
 [-0.55093579  4.01062031  8.05308952]
 [ 9.7792667   3.13415933  5.72130988]
 [-3.78878505 -6.37488975 11.27848866]]: 0.0710153895696359
r = [[ 3.91564143 -4.44642214  2.72595525]
 [-0.55093579  4.01062031  8.05308952]
 [ 9.7792667   3.13415933  5.72130988]
 [-3.78878505 -6.37488975 11.27848866]]: 0.0033671221296702114
r = [[ 3.91564143 -4.44642214  2.72595525]
 [-0.55093579  4.01062031  8.05308952]
 [ 9.7792667   3.13415933  5.72130988]
 [-3.78878505 -6.37488975 11.27848866]]: 0.021766371093690395
r = [[ 3.91564143 -4.44642214  2.72595525]
 [-0.55093579  4.01062031  8.05308952]
 [ 9.7792667   3.13415933  5.72130988]
 [-3.78878505 -6.37488975 11.27848866]]: 0.0009267873870807567
r = [[ 3.91564143 -4.44642214  2.72595525]
 [-0.55093579  4.01062031  8.05308952]
 [ 9.7792667   3.13415933  5.72130988]
 [-3.78878505 -6.37488975 11.27848866]]: 0.0005951839806844614
r = [[ 3.91564143 -4.44642214  2.72595525]
 [-0.55093579  4.01062031  8.05308952]
 [ 9.7792667   3.13415933  5.72130988]
 [-3.78878505 -6.37488975 11.27848866]]: 0.008437344322114118
r = [[ 3.91564143 -4.44642214  2.72595525]
 [-0.55093579  4.01062031  8.05308952]
 [ 9.7792667   3.13415933  5.72130988]
 [-3.78878505 -6.37488975 11.27848866]]: 0.04242898164583104
r = [[ 3.91564143 -4.44642214  2.72595525]
 [-0.55093579  4.01062031  8.05308952]
 [ 9.7792667   3.13415933  5.72130988]
 [-3.78878505 -6.37488975 11.27848866]]: 0.048384204639920166
r = [[ 3.91564143 -4.44642214  2.72595525]
 [-0.55093579  4.01062031  8.05308952]
 [ 9.7792667   3.13415933  5.72130988]
 [-3.78878505 -6.37488975 11.27848866]]: 0.047792490106076
r = [[ 3.91564143 -4.44642214  2.72595525]
 [-0.55093579  4.01062031  8.05308952]
 [ 9.7792667   3.13415933  5.72130988]
 [-3.78878505 -6.37488975 11.27848866]]: 0.00015759022790007293
