r = [[ -2.65588855   5.4929814   -1.25562158]
 [ -8.80467029  -8.37082182  -8.83877025]
 [  7.34465325 -10.58639727   3.70828826]
 [-13.17505693  -3.6019797    0.08006604]]: 0.010402084294972675
r = [[ -2.65588855   5.4929814   -1.25562158]
 [ -8.80467029  -8.37082182  -8.83877025]
 [  7.34465325 -10.58639727   3.70828826]
 [-13.17505693  -3.6019797    0.08006604]]: 0.0013948206739899302
r = [[ -2.65588855   5.4929814   -1.25562158]
 [ -8.80467029  -8.37082182  -8.83877025]
 [  7.34465325 -10.58639727   3.70828826]
 [-13.17505693  -3.6019797    0.08006604]]: 0.0010459069245760994
r = [[ -2.65588855   5.4929814   -1.25562158]
 [ -8.80467029  -8.37082182  -8.83877025]
 [  7.34465325 -10.58639727   3.70828826]
 [-13.17505693  -3.6019797    0.08006604]]: 0.12831956254584448
r = [[ -2.65588855   5.4929814   -1.25562158]
 [ -8.80467029  -8.37082182  -8.83877025]
 [  7.34465325 -10.58639727   3.70828826]
 [-13.17505693  -3.6019797    0.08006604]]: 0.02546650164627603
r = [[ -2.65588855   5.4929814   -1.25562158]
 [ -8.80467029  -8.37082182  -8.83877025]
 [  7.34465325 -10.58639727   3.70828826]
 [-13.17505693  -3.6019797    0.08006604]]: 0.131027585560722
r = [[ -2.65588855   5.4929814   -1.25562158]
 [ -8.80467029  -8.37082182  -8.83877025]
 [  7.34465325 -10.58639727   3.70828826]
 [-13.17505693  -3.6019797    0.08006604]]: 0.030621666494490846
r = [[ -2.65588855   5.4929814   -1.25562158]
 [ -8.80467029  -8.37082182  -8.83877025]
 [  7.34465325 -10.58639727   3.70828826]
 [-13.17505693  -3.6019797    0.08006604]]: 0.0009319899503939918
r = [[ -2.65588855   5.4929814   -1.25562158]
 [ -8.80467029  -8.37082182  -8.83877025]
 [  7.34465325 -10.58639727   3.70828826]
 [-13.17505693  -3.6019797    0.08006604]]: 0.004348898023766067
r = [[ -2.65588855   5.4929814   -1.25562158]
 [ -8.80467029  -8.37082182  -8.83877025]
 [  7.34465325 -10.58639727   3.70828826]
 [-13.17505693  -3.6019797    0.08006604]]: 0.001418290094339422
