r = [[ 3.16875574 -5.36309436  2.41963352]
 [-4.89155131 -1.98970666 -7.71786552]
 [-3.69489481  9.86321579 -1.66662342]
 [-1.28621394  5.37214938  5.54335086]]: 0.032473486315991194
r = [[ 3.16875574 -5.36309436  2.41963352]
 [-4.89155131 -1.98970666 -7.71786552]
 [-3.69489481  9.86321579 -1.66662342]
 [-1.28621394  5.37214938  5.54335086]]: 0.05862828084666814
r = [[ 3.16875574 -5.36309436  2.41963352]
 [-4.89155131 -1.98970666 -7.71786552]
 [-3.69489481  9.86321579 -1.66662342]
 [-1.28621394  5.37214938  5.54335086]]: 0.04018503527290055
r = [[ 3.16875574 -5.36309436  2.41963352]
 [-4.89155131 -1.98970666 -7.71786552]
 [-3.69489481  9.86321579 -1.66662342]
 [-1.28621394  5.37214938  5.54335086]]: 0.006869281109954629
r = [[ 3.16875574 -5.36309436  2.41963352]
 [-4.89155131 -1.98970666 -7.71786552]
 [-3.69489481  9.86321579 -1.66662342]
 [-1.28621394  5.37214938  5.54335086]]: 0.0014114556418332671
r = [[ 3.16875574 -5.36309436  2.41963352]
 [-4.89155131 -1.98970666 -7.71786552]
 [-3.69489481  9.86321579 -1.66662342]
 [-1.28621394  5.37214938  5.54335086]]: 0.008905475460258978
r = [[ 3.16875574 -5.36309436  2.41963352]
 [-4.89155131 -1.98970666 -7.71786552]
 [-3.69489481  9.86321579 -1.66662342]
 [-1.28621394  5.37214938  5.54335086]]: 0.004464312061567658
r = [[ 3.16875574 -5.36309436  2.41963352]
 [-4.89155131 -1.98970666 -7.71786552]
 [-3.69489481  9.86321579 -1.66662342]
 [-1.28621394  5.37214938  5.54335086]]: 0.027440137462690473
r = [[ 3.16875574 -5.36309436  2.41963352]
 [-4.89155131 -1.98970666 -7.71786552]
 [-3.69489481  9.86321579 -1.66662342]
 [-1.28621394  5.37214938  5.54335086]]: 0.05648468601118241
r = [[ 3.16875574 -5.36309436  2.41963352]
 [-4.89155131 -1.98970666 -7.71786552]
 [-3.69489481  9.86321579 -1.66662342]
 [-1.28621394  5.37214938  5.54335086]]: 0.02008391371262925
