r = [[-10.98211147   1.5882791    5.07699677]
 [  7.09975613   8.55192075   8.66637494]
 [  6.10256841  -3.91480264  -6.05420493]
 [ -3.85898108  -1.71066253  10.908293  ]]: 0.02502852225942271
r = [[-10.98211147   1.5882791    5.07699677]
 [  7.09975613   8.55192075   8.66637494]
 [  6.10256841  -3.91480264  -6.05420493]
 [ -3.85898108  -1.71066253  10.908293  ]]: 0.05577652236180646
r = [[-10.98211147   1.5882791    5.07699677]
 [  7.09975613   8.55192075   8.66637494]
 [  6.10256841  -3.91480264  -6.05420493]
 [ -3.85898108  -1.71066253  10.908293  ]]: 0.002694327766740961
r = [[-10.98211147   1.5882791    5.07699677]
 [  7.09975613   8.55192075   8.66637494]
 [  6.10256841  -3.91480264  -6.05420493]
 [ -3.85898108  -1.71066253  10.908293  ]]: 0.004555602557957172
r = [[-10.98211147   1.5882791    5.07699677]
 [  7.09975613   8.55192075   8.66637494]
 [  6.10256841  -3.91480264  -6.05420493]
 [ -3.85898108  -1.71066253  10.908293  ]]: 0.005065354269130954
r = [[-10.98211147   1.5882791    5.07699677]
 [  7.09975613   8.55192075   8.66637494]
 [  6.10256841  -3.91480264  -6.05420493]
 [ -3.85898108  -1.71066253  10.908293  ]]: 0.04176940965200109
r = [[-10.98211147   1.5882791    5.07699677]
 [  7.09975613   8.55192075   8.66637494]
 [  6.10256841  -3.91480264  -6.05420493]
 [ -3.85898108  -1.71066253  10.908293  ]]: 0.0660476116463542
r = [[-10.98211147   1.5882791    5.07699677]
 [  7.09975613   8.55192075   8.66637494]
 [  6.10256841  -3.91480264  -6.05420493]
 [ -3.85898108  -1.71066253  10.908293  ]]: 0.00422855859090175
r = [[-10.98211147   1.5882791    5.07699677]
 [  7.09975613   8.55192075   8.66637494]
 [  6.10256841  -3.91480264  -6.05420493]
 [ -3.85898108  -1.71066253  10.908293  ]]: 0.012749876876893853
r = [[-10.98211147   1.5882791    5.07699677]
 [  7.09975613   8.55192075   8.66637494]
 [  6.10256841  -3.91480264  -6.05420493]
 [ -3.85898108  -1.71066253  10.908293  ]]: 0.0002663742218698774
