r = [[  2.42738983   1.73015288 -17.09192522]
 [ -2.3169437   -8.11418833   2.66503967]
 [ 11.11095384   1.55106392  -7.59828321]
 [  2.82965483   0.98623431   4.32361294]]: 0.005689271218476019
r = [[  2.42738983   1.73015288 -17.09192522]
 [ -2.3169437   -8.11418833   2.66503967]
 [ 11.11095384   1.55106392  -7.59828321]
 [  2.82965483   0.98623431   4.32361294]]: 0.0046500318484114745
r = [[  2.42738983   1.73015288 -17.09192522]
 [ -2.3169437   -8.11418833   2.66503967]
 [ 11.11095384   1.55106392  -7.59828321]
 [  2.82965483   0.98623431   4.32361294]]: 0.08667255432478019
r = [[  2.42738983   1.73015288 -17.09192522]
 [ -2.3169437   -8.11418833   2.66503967]
 [ 11.11095384   1.55106392  -7.59828321]
 [  2.82965483   0.98623431   4.32361294]]: 0.03407422213682106
r = [[  2.42738983   1.73015288 -17.09192522]
 [ -2.3169437   -8.11418833   2.66503967]
 [ 11.11095384   1.55106392  -7.59828321]
 [  2.82965483   0.98623431   4.32361294]]: 0.01866391785110214
r = [[  2.42738983   1.73015288 -17.09192522]
 [ -2.3169437   -8.11418833   2.66503967]
 [ 11.11095384   1.55106392  -7.59828321]
 [  2.82965483   0.98623431   4.32361294]]: 0.015810700100181357
r = [[  2.42738983   1.73015288 -17.09192522]
 [ -2.3169437   -8.11418833   2.66503967]
 [ 11.11095384   1.55106392  -7.59828321]
 [  2.82965483   0.98623431   4.32361294]]: 0.008692920424177178
r = [[  2.42738983   1.73015288 -17.09192522]
 [ -2.3169437   -8.11418833   2.66503967]
 [ 11.11095384   1.55106392  -7.59828321]
 [  2.82965483   0.98623431   4.32361294]]: 0.045926560913877826
r = [[  2.42738983   1.73015288 -17.09192522]
 [ -2.3169437   -8.11418833   2.66503967]
 [ 11.11095384   1.55106392  -7.59828321]
 [  2.82965483   0.98623431   4.32361294]]: 0.0012635258442190076
r = [[  2.42738983   1.73015288 -17.09192522]
 [ -2.3169437   -8.11418833   2.66503967]
 [ 11.11095384   1.55106392  -7.59828321]
 [  2.82965483   0.98623431   4.32361294]]: 0.00364859082869121
