r = [[ -6.39813724   3.25644858  -1.15619304]
 [  2.69698692   1.84108485  16.35988175]
 [-10.6323002   -0.87305884  -4.29764624]
 [  3.91765881   2.99359904   0.88953369]]: 0.46402326971292496
r = [[ -6.39813724   3.25644858  -1.15619304]
 [  2.69698692   1.84108485  16.35988175]
 [-10.6323002   -0.87305884  -4.29764624]
 [  3.91765881   2.99359904   0.88953369]]: 0.15133252846343176
r = [[ -6.39813724   3.25644858  -1.15619304]
 [  2.69698692   1.84108485  16.35988175]
 [-10.6323002   -0.87305884  -4.29764624]
 [  3.91765881   2.99359904   0.88953369]]: 0.15188082201140268
r = [[ -6.39813724   3.25644858  -1.15619304]
 [  2.69698692   1.84108485  16.35988175]
 [-10.6323002   -0.87305884  -4.29764624]
 [  3.91765881   2.99359904   0.88953369]]: 0.09439964945028935
r = [[ -6.39813724   3.25644858  -1.15619304]
 [  2.69698692   1.84108485  16.35988175]
 [-10.6323002   -0.87305884  -4.29764624]
 [  3.91765881   2.99359904   0.88953369]]: 0.01821188725131963
r = [[ -6.39813724   3.25644858  -1.15619304]
 [  2.69698692   1.84108485  16.35988175]
 [-10.6323002   -0.87305884  -4.29764624]
 [  3.91765881   2.99359904   0.88953369]]: 0.0009509143585871373
r = [[ -6.39813724   3.25644858  -1.15619304]
 [  2.69698692   1.84108485  16.35988175]
 [-10.6323002   -0.87305884  -4.29764624]
 [  3.91765881   2.99359904   0.88953369]]: 0.022734494813318764
r = [[ -6.39813724   3.25644858  -1.15619304]
 [  2.69698692   1.84108485  16.35988175]
 [-10.6323002   -0.87305884  -4.29764624]
 [  3.91765881   2.99359904   0.88953369]]: 0.03790628377880369
r = [[ -6.39813724   3.25644858  -1.15619304]
 [  2.69698692   1.84108485  16.35988175]
 [-10.6323002   -0.87305884  -4.29764624]
 [  3.91765881   2.99359904   0.88953369]]: 0.001251875946763903
r = [[ -6.39813724   3.25644858  -1.15619304]
 [  2.69698692   1.84108485  16.35988175]
 [-10.6323002   -0.87305884  -4.29764624]
 [  3.91765881   2.99359904   0.88953369]]: 0.027458761086953536
