r = [[1.3736551  0.41845432 0.18197877]
 [1.18256261 0.56907776 0.48545374]
 [0.9513981  0.84555484 0.83398528]
 [1.85493168 1.07723469 1.54027971]]: 0.00020852095726045912
r = [[1.3736551  0.41845432 0.18197877]
 [1.18256261 0.56907776 0.48545374]
 [0.9513981  0.84555484 0.83398528]
 [1.85493168 1.07723469 1.54027971]]: 3.194941395382297e-05
r = [[1.3736551  0.41845432 0.18197877]
 [1.18256261 0.56907776 0.48545374]
 [0.9513981  0.84555484 0.83398528]
 [1.85493168 1.07723469 1.54027971]]: 0.00021474288327486387
r = [[1.3736551  0.41845432 0.18197877]
 [1.18256261 0.56907776 0.48545374]
 [0.9513981  0.84555484 0.83398528]
 [1.85493168 1.07723469 1.54027971]]: 0.0002078849813967411
r = [[1.3736551  0.41845432 0.18197877]
 [1.18256261 0.56907776 0.48545374]
 [0.9513981  0.84555484 0.83398528]
 [1.85493168 1.07723469 1.54027971]]: 1.344224723912443e-05
r = [[1.3736551  0.41845432 0.18197877]
 [1.18256261 0.56907776 0.48545374]
 [0.9513981  0.84555484 0.83398528]
 [1.85493168 1.07723469 1.54027971]]: 0.000201366735512108
r = [[1.3736551  0.41845432 0.18197877]
 [1.18256261 0.56907776 0.48545374]
 [0.9513981  0.84555484 0.83398528]
 [1.85493168 1.07723469 1.54027971]]: 0.0011534746102240337
r = [[1.3736551  0.41845432 0.18197877]
 [1.18256261 0.56907776 0.48545374]
 [0.9513981  0.84555484 0.83398528]
 [1.85493168 1.07723469 1.54027971]]: 1.60787459598006e-05
r = [[1.3736551  0.41845432 0.18197877]
 [1.18256261 0.56907776 0.48545374]
 [0.9513981  0.84555484 0.83398528]
 [1.85493168 1.07723469 1.54027971]]: 0.00033333612944781113
r = [[1.3736551  0.41845432 0.18197877]
 [1.18256261 0.56907776 0.48545374]
 [0.9513981  0.84555484 0.83398528]
 [1.85493168 1.07723469 1.54027971]]: 2.757157290034229e-05
