r = [[0.02106965 0.55165767 0.53939198]
 [0.58410124 1.32319054 1.20082101]
 [1.71249423 1.02957175 1.66264588]
 [0.98480634 1.44431067 0.04152444]]: 0.00026554476062301546
r = [[0.02106965 0.55165767 0.53939198]
 [0.58410124 1.32319054 1.20082101]
 [1.71249423 1.02957175 1.66264588]
 [0.98480634 1.44431067 0.04152444]]: 0.000291277736583392
r = [[0.02106965 0.55165767 0.53939198]
 [0.58410124 1.32319054 1.20082101]
 [1.71249423 1.02957175 1.66264588]
 [0.98480634 1.44431067 0.04152444]]: 8.535592639548537e-06
r = [[0.02106965 0.55165767 0.53939198]
 [0.58410124 1.32319054 1.20082101]
 [1.71249423 1.02957175 1.66264588]
 [0.98480634 1.44431067 0.04152444]]: 5.751459054538698e-05
r = [[0.02106965 0.55165767 0.53939198]
 [0.58410124 1.32319054 1.20082101]
 [1.71249423 1.02957175 1.66264588]
 [0.98480634 1.44431067 0.04152444]]: 0.000247972462342919
r = [[0.02106965 0.55165767 0.53939198]
 [0.58410124 1.32319054 1.20082101]
 [1.71249423 1.02957175 1.66264588]
 [0.98480634 1.44431067 0.04152444]]: 0.00016638253327982966
r = [[0.02106965 0.55165767 0.53939198]
 [0.58410124 1.32319054 1.20082101]
 [1.71249423 1.02957175 1.66264588]
 [0.98480634 1.44431067 0.04152444]]: 0.0033880535312554067
r = [[0.02106965 0.55165767 0.53939198]
 [0.58410124 1.32319054 1.20082101]
 [1.71249423 1.02957175 1.66264588]
 [0.98480634 1.44431067 0.04152444]]: 0.0004737787619108401
r = [[0.02106965 0.55165767 0.53939198]
 [0.58410124 1.32319054 1.20082101]
 [1.71249423 1.02957175 1.66264588]
 [0.98480634 1.44431067 0.04152444]]: 0.0003515256838519625
r = [[0.02106965 0.55165767 0.53939198]
 [0.58410124 1.32319054 1.20082101]
 [1.71249423 1.02957175 1.66264588]
 [0.98480634 1.44431067 0.04152444]]: 0.00020267118816263974
