r = [[0.60449684 0.66042107 1.31699319]
 [1.33326135 1.38693615 1.6809976 ]
 [1.55701259 0.5859487  1.26231646]
 [0.36793105 1.37177783 1.00628407]]: 0.00016800219704496807
r = [[0.60449684 0.66042107 1.31699319]
 [1.33326135 1.38693615 1.6809976 ]
 [1.55701259 0.5859487  1.26231646]
 [0.36793105 1.37177783 1.00628407]]: 0.00037413164370393915
r = [[0.60449684 0.66042107 1.31699319]
 [1.33326135 1.38693615 1.6809976 ]
 [1.55701259 0.5859487  1.26231646]
 [0.36793105 1.37177783 1.00628407]]: 0.00022964504751143977
r = [[0.60449684 0.66042107 1.31699319]
 [1.33326135 1.38693615 1.6809976 ]
 [1.55701259 0.5859487  1.26231646]
 [0.36793105 1.37177783 1.00628407]]: 5.360377092854053e-05
r = [[0.60449684 0.66042107 1.31699319]
 [1.33326135 1.38693615 1.6809976 ]
 [1.55701259 0.5859487  1.26231646]
 [0.36793105 1.37177783 1.00628407]]: 5.374786087486427e-05
r = [[0.60449684 0.66042107 1.31699319]
 [1.33326135 1.38693615 1.6809976 ]
 [1.55701259 0.5859487  1.26231646]
 [0.36793105 1.37177783 1.00628407]]: 0.0004199175746180117
r = [[0.60449684 0.66042107 1.31699319]
 [1.33326135 1.38693615 1.6809976 ]
 [1.55701259 0.5859487  1.26231646]
 [0.36793105 1.37177783 1.00628407]]: 2.9567313569194603e-05
r = [[0.60449684 0.66042107 1.31699319]
 [1.33326135 1.38693615 1.6809976 ]
 [1.55701259 0.5859487  1.26231646]
 [0.36793105 1.37177783 1.00628407]]: 1.1433017399602769e-05
r = [[0.60449684 0.66042107 1.31699319]
 [1.33326135 1.38693615 1.6809976 ]
 [1.55701259 0.5859487  1.26231646]
 [0.36793105 1.37177783 1.00628407]]: 1.3120226737685567e-05
r = [[0.60449684 0.66042107 1.31699319]
 [1.33326135 1.38693615 1.6809976 ]
 [1.55701259 0.5859487  1.26231646]
 [0.36793105 1.37177783 1.00628407]]: 0.0002691553015340885
