r = [[-1.50644346  7.52640168  1.27886921]
 [-0.95376574  1.15657677 -9.59093619]
 [-4.34587667 16.1257226   1.38857885]
 [ 1.33888847 -7.64777912  0.23148328]]: 0.05466267253671374
r = [[-1.50644346  7.52640168  1.27886921]
 [-0.95376574  1.15657677 -9.59093619]
 [-4.34587667 16.1257226   1.38857885]
 [ 1.33888847 -7.64777912  0.23148328]]: 0.0003803109263701897
r = [[-1.50644346  7.52640168  1.27886921]
 [-0.95376574  1.15657677 -9.59093619]
 [-4.34587667 16.1257226   1.38857885]
 [ 1.33888847 -7.64777912  0.23148328]]: 0.0021998852524640305
r = [[-1.50644346  7.52640168  1.27886921]
 [-0.95376574  1.15657677 -9.59093619]
 [-4.34587667 16.1257226   1.38857885]
 [ 1.33888847 -7.64777912  0.23148328]]: 0.012583601055666804
r = [[-1.50644346  7.52640168  1.27886921]
 [-0.95376574  1.15657677 -9.59093619]
 [-4.34587667 16.1257226   1.38857885]
 [ 1.33888847 -7.64777912  0.23148328]]: 0.012012380341600095
r = [[-1.50644346  7.52640168  1.27886921]
 [-0.95376574  1.15657677 -9.59093619]
 [-4.34587667 16.1257226   1.38857885]
 [ 1.33888847 -7.64777912  0.23148328]]: 0.00030688929629312564
r = [[-1.50644346  7.52640168  1.27886921]
 [-0.95376574  1.15657677 -9.59093619]
 [-4.34587667 16.1257226   1.38857885]
 [ 1.33888847 -7.64777912  0.23148328]]: 0.014563342423311301
r = [[-1.50644346  7.52640168  1.27886921]
 [-0.95376574  1.15657677 -9.59093619]
 [-4.34587667 16.1257226   1.38857885]
 [ 1.33888847 -7.64777912  0.23148328]]: 0.0008458309790252575
r = [[-1.50644346  7.52640168  1.27886921]
 [-0.95376574  1.15657677 -9.59093619]
 [-4.34587667 16.1257226   1.38857885]
 [ 1.33888847 -7.64777912  0.23148328]]: 0.0013369743994969343
r = [[-1.50644346  7.52640168  1.27886921]
 [-0.95376574  1.15657677 -9.59093619]
 [-4.34587667 16.1257226   1.38857885]
 [ 1.33888847 -7.64777912  0.23148328]]: 0.0016767198436095246
