r = [[1.51753792 1.86848418 1.13481405]
 [1.89130683 1.84382257 0.39450507]
 [1.60419076 1.50312702 0.4634562 ]
 [0.95561465 0.58891295 1.83906464]]: 6.952277772143134e-06
r = [[1.51753792 1.86848418 1.13481405]
 [1.89130683 1.84382257 0.39450507]
 [1.60419076 1.50312702 0.4634562 ]
 [0.95561465 0.58891295 1.83906464]]: 1.7569761049734162e-05
r = [[1.51753792 1.86848418 1.13481405]
 [1.89130683 1.84382257 0.39450507]
 [1.60419076 1.50312702 0.4634562 ]
 [0.95561465 0.58891295 1.83906464]]: 5.978800189560778e-05
r = [[1.51753792 1.86848418 1.13481405]
 [1.89130683 1.84382257 0.39450507]
 [1.60419076 1.50312702 0.4634562 ]
 [0.95561465 0.58891295 1.83906464]]: 0.00019843045551429635
r = [[1.51753792 1.86848418 1.13481405]
 [1.89130683 1.84382257 0.39450507]
 [1.60419076 1.50312702 0.4634562 ]
 [0.95561465 0.58891295 1.83906464]]: 9.42118024665563e-05
r = [[1.51753792 1.86848418 1.13481405]
 [1.89130683 1.84382257 0.39450507]
 [1.60419076 1.50312702 0.4634562 ]
 [0.95561465 0.58891295 1.83906464]]: 9.415346721652895e-05
r = [[1.51753792 1.86848418 1.13481405]
 [1.89130683 1.84382257 0.39450507]
 [1.60419076 1.50312702 0.4634562 ]
 [0.95561465 0.58891295 1.83906464]]: 4.188662231691913e-05
r = [[1.51753792 1.86848418 1.13481405]
 [1.89130683 1.84382257 0.39450507]
 [1.60419076 1.50312702 0.4634562 ]
 [0.95561465 0.58891295 1.83906464]]: 4.953783932900738e-06
r = [[1.51753792 1.86848418 1.13481405]
 [1.89130683 1.84382257 0.39450507]
 [1.60419076 1.50312702 0.4634562 ]
 [0.95561465 0.58891295 1.83906464]]: 1.8598742826725356e-05
r = [[1.51753792 1.86848418 1.13481405]
 [1.89130683 1.84382257 0.39450507]
 [1.60419076 1.50312702 0.4634562 ]
 [0.95561465 0.58891295 1.83906464]]: 2.4870311920364786e-05
