r = [[0.99778585 0.82218071 1.92386936]
 [0.83305788 1.63228805 0.32149034]
 [0.14756318 0.50155666 1.72895847]
 [1.20535161 1.57131621 0.45680716]]: 4.126780530506429e-06
r = [[0.99778585 0.82218071 1.92386936]
 [0.83305788 1.63228805 0.32149034]
 [0.14756318 0.50155666 1.72895847]
 [1.20535161 1.57131621 0.45680716]]: 0.00023745530779706314
r = [[0.99778585 0.82218071 1.92386936]
 [0.83305788 1.63228805 0.32149034]
 [0.14756318 0.50155666 1.72895847]
 [1.20535161 1.57131621 0.45680716]]: 3.4158194921474205e-06
r = [[0.99778585 0.82218071 1.92386936]
 [0.83305788 1.63228805 0.32149034]
 [0.14756318 0.50155666 1.72895847]
 [1.20535161 1.57131621 0.45680716]]: 0.00016897630147078807
r = [[0.99778585 0.82218071 1.92386936]
 [0.83305788 1.63228805 0.32149034]
 [0.14756318 0.50155666 1.72895847]
 [1.20535161 1.57131621 0.45680716]]: 0.00047952302806412
r = [[0.99778585 0.82218071 1.92386936]
 [0.83305788 1.63228805 0.32149034]
 [0.14756318 0.50155666 1.72895847]
 [1.20535161 1.57131621 0.45680716]]: 0.000235657280947115
r = [[0.99778585 0.82218071 1.92386936]
 [0.83305788 1.63228805 0.32149034]
 [0.14756318 0.50155666 1.72895847]
 [1.20535161 1.57131621 0.45680716]]: 5.9242423828566514e-05
r = [[0.99778585 0.82218071 1.92386936]
 [0.83305788 1.63228805 0.32149034]
 [0.14756318 0.50155666 1.72895847]
 [1.20535161 1.57131621 0.45680716]]: 3.220963766839954e-05
r = [[0.99778585 0.82218071 1.92386936]
 [0.83305788 1.63228805 0.32149034]
 [0.14756318 0.50155666 1.72895847]
 [1.20535161 1.57131621 0.45680716]]: 1.5737492698722883e-05
r = [[0.99778585 0.82218071 1.92386936]
 [0.83305788 1.63228805 0.32149034]
 [0.14756318 0.50155666 1.72895847]
 [1.20535161 1.57131621 0.45680716]]: 0.00020443391674364517
