r = [[1.57108002 1.77820914 0.48571853]
 [0.2137051  1.58398698 1.33451253]
 [1.10463109 1.93723591 0.4917715 ]
 [0.03262219 1.75314968 1.39710791]]: 5.856371574606913e-06
r = [[1.57108002 1.77820914 0.48571853]
 [0.2137051  1.58398698 1.33451253]
 [1.10463109 1.93723591 0.4917715 ]
 [0.03262219 1.75314968 1.39710791]]: 0.00020768063664685803
r = [[1.57108002 1.77820914 0.48571853]
 [0.2137051  1.58398698 1.33451253]
 [1.10463109 1.93723591 0.4917715 ]
 [0.03262219 1.75314968 1.39710791]]: 0.00027543878630759925
r = [[1.57108002 1.77820914 0.48571853]
 [0.2137051  1.58398698 1.33451253]
 [1.10463109 1.93723591 0.4917715 ]
 [0.03262219 1.75314968 1.39710791]]: 0.0004309728111755768
r = [[1.57108002 1.77820914 0.48571853]
 [0.2137051  1.58398698 1.33451253]
 [1.10463109 1.93723591 0.4917715 ]
 [0.03262219 1.75314968 1.39710791]]: 0.00020835436225752346
r = [[1.57108002 1.77820914 0.48571853]
 [0.2137051  1.58398698 1.33451253]
 [1.10463109 1.93723591 0.4917715 ]
 [0.03262219 1.75314968 1.39710791]]: 3.415510231466864e-06
r = [[1.57108002 1.77820914 0.48571853]
 [0.2137051  1.58398698 1.33451253]
 [1.10463109 1.93723591 0.4917715 ]
 [0.03262219 1.75314968 1.39710791]]: 0.00017873446423826472
r = [[1.57108002 1.77820914 0.48571853]
 [0.2137051  1.58398698 1.33451253]
 [1.10463109 1.93723591 0.4917715 ]
 [0.03262219 1.75314968 1.39710791]]: 3.590946952109724e-06
r = [[1.57108002 1.77820914 0.48571853]
 [0.2137051  1.58398698 1.33451253]
 [1.10463109 1.93723591 0.4917715 ]
 [0.03262219 1.75314968 1.39710791]]: 2.8183243817433582e-06
r = [[1.57108002 1.77820914 0.48571853]
 [0.2137051  1.58398698 1.33451253]
 [1.10463109 1.93723591 0.4917715 ]
 [0.03262219 1.75314968 1.39710791]]: 0.00043673166562387323
