r = [[-6.66921678 -5.64544463  7.57945436]
 [-1.76240345 -5.58812128 -4.49073133]
 [ 0.71192389  6.59299102  7.88414042]
 [-5.32934771 -9.64290835 -2.38610103]]: 0.04144383847181286
r = [[-6.66921678 -5.64544463  7.57945436]
 [-1.76240345 -5.58812128 -4.49073133]
 [ 0.71192389  6.59299102  7.88414042]
 [-5.32934771 -9.64290835 -2.38610103]]: 0.0579275168545012
r = [[-6.66921678 -5.64544463  7.57945436]
 [-1.76240345 -5.58812128 -4.49073133]
 [ 0.71192389  6.59299102  7.88414042]
 [-5.32934771 -9.64290835 -2.38610103]]: 0.017231443896889687
r = [[-6.66921678 -5.64544463  7.57945436]
 [-1.76240345 -5.58812128 -4.49073133]
 [ 0.71192389  6.59299102  7.88414042]
 [-5.32934771 -9.64290835 -2.38610103]]: 0.08216974072690521
r = [[-6.66921678 -5.64544463  7.57945436]
 [-1.76240345 -5.58812128 -4.49073133]
 [ 0.71192389  6.59299102  7.88414042]
 [-5.32934771 -9.64290835 -2.38610103]]: 0.012513039151339658
r = [[-6.66921678 -5.64544463  7.57945436]
 [-1.76240345 -5.58812128 -4.49073133]
 [ 0.71192389  6.59299102  7.88414042]
 [-5.32934771 -9.64290835 -2.38610103]]: 0.04882702577326979
r = [[-6.66921678 -5.64544463  7.57945436]
 [-1.76240345 -5.58812128 -4.49073133]
 [ 0.71192389  6.59299102  7.88414042]
 [-5.32934771 -9.64290835 -2.38610103]]: 0.04558384471705982
r = [[-6.66921678 -5.64544463  7.57945436]
 [-1.76240345 -5.58812128 -4.49073133]
 [ 0.71192389  6.59299102  7.88414042]
 [-5.32934771 -9.64290835 -2.38610103]]: 0.002600149151736072
r = [[-6.66921678 -5.64544463  7.57945436]
 [-1.76240345 -5.58812128 -4.49073133]
 [ 0.71192389  6.59299102  7.88414042]
 [-5.32934771 -9.64290835 -2.38610103]]: 0.00671691244601139
r = [[-6.66921678 -5.64544463  7.57945436]
 [-1.76240345 -5.58812128 -4.49073133]
 [ 0.71192389  6.59299102  7.88414042]
 [-5.32934771 -9.64290835 -2.38610103]]: 0.0003932906505984387
