r = [[-14.87671642  -3.16873828   2.99029822]
 [ -7.5356257  -12.43682714  -0.93694414]
 [ -0.68963832  -8.47318573   4.04979603]
 [  1.24676052   2.26495623  -3.76241549]]: 0.04374432750046253
r = [[-14.87671642  -3.16873828   2.99029822]
 [ -7.5356257  -12.43682714  -0.93694414]
 [ -0.68963832  -8.47318573   4.04979603]
 [  1.24676052   2.26495623  -3.76241549]]: 0.00039948167146316597
r = [[-14.87671642  -3.16873828   2.99029822]
 [ -7.5356257  -12.43682714  -0.93694414]
 [ -0.68963832  -8.47318573   4.04979603]
 [  1.24676052   2.26495623  -3.76241549]]: 0.0270155274442264
r = [[-14.87671642  -3.16873828   2.99029822]
 [ -7.5356257  -12.43682714  -0.93694414]
 [ -0.68963832  -8.47318573   4.04979603]
 [  1.24676052   2.26495623  -3.76241549]]: 0.003105364665056446
r = [[-14.87671642  -3.16873828   2.99029822]
 [ -7.5356257  -12.43682714  -0.93694414]
 [ -0.68963832  -8.47318573   4.04979603]
 [  1.24676052   2.26495623  -3.76241549]]: 0.002460818870791367
r = [[-14.87671642  -3.16873828   2.99029822]
 [ -7.5356257  -12.43682714  -0.93694414]
 [ -0.68963832  -8.47318573   4.04979603]
 [  1.24676052   2.26495623  -3.76241549]]: 0.003919024619140795
r = [[-14.87671642  -3.16873828   2.99029822]
 [ -7.5356257  -12.43682714  -0.93694414]
 [ -0.68963832  -8.47318573   4.04979603]
 [  1.24676052   2.26495623  -3.76241549]]: 0.002426959012934406
r = [[-14.87671642  -3.16873828   2.99029822]
 [ -7.5356257  -12.43682714  -0.93694414]
 [ -0.68963832  -8.47318573   4.04979603]
 [  1.24676052   2.26495623  -3.76241549]]: 0.026468220632523298
r = [[-14.87671642  -3.16873828   2.99029822]
 [ -7.5356257  -12.43682714  -0.93694414]
 [ -0.68963832  -8.47318573   4.04979603]
 [  1.24676052   2.26495623  -3.76241549]]: 0.3212838103728635
r = [[-14.87671642  -3.16873828   2.99029822]
 [ -7.5356257  -12.43682714  -0.93694414]
 [ -0.68963832  -8.47318573   4.04979603]
 [  1.24676052   2.26495623  -3.76241549]]: 0.005182775469230754
