r = [[ -8.9268545    0.11254965  -1.35902145]
 [-11.25034425  -3.24195638   4.94396083]
 [ -8.60837557  -5.6970837    4.3339537 ]
 [  8.79883254  -3.98029013   9.59675845]]: 0.023685908410698175
r = [[ -8.9268545    0.11254965  -1.35902145]
 [-11.25034425  -3.24195638   4.94396083]
 [ -8.60837557  -5.6970837    4.3339537 ]
 [  8.79883254  -3.98029013   9.59675845]]: 0.02417297232230859
r = [[ -8.9268545    0.11254965  -1.35902145]
 [-11.25034425  -3.24195638   4.94396083]
 [ -8.60837557  -5.6970837    4.3339537 ]
 [  8.79883254  -3.98029013   9.59675845]]: 0.024531690071203878
r = [[ -8.9268545    0.11254965  -1.35902145]
 [-11.25034425  -3.24195638   4.94396083]
 [ -8.60837557  -5.6970837    4.3339537 ]
 [  8.79883254  -3.98029013   9.59675845]]: 0.09569167518722159
r = [[ -8.9268545    0.11254965  -1.35902145]
 [-11.25034425  -3.24195638   4.94396083]
 [ -8.60837557  -5.6970837    4.3339537 ]
 [  8.79883254  -3.98029013   9.59675845]]: 0.012988262177844132
r = [[ -8.9268545    0.11254965  -1.35902145]
 [-11.25034425  -3.24195638   4.94396083]
 [ -8.60837557  -5.6970837    4.3339537 ]
 [  8.79883254  -3.98029013   9.59675845]]: 0.10173159518412181
r = [[ -8.9268545    0.11254965  -1.35902145]
 [-11.25034425  -3.24195638   4.94396083]
 [ -8.60837557  -5.6970837    4.3339537 ]
 [  8.79883254  -3.98029013   9.59675845]]: 0.07784520262586218
r = [[ -8.9268545    0.11254965  -1.35902145]
 [-11.25034425  -3.24195638   4.94396083]
 [ -8.60837557  -5.6970837    4.3339537 ]
 [  8.79883254  -3.98029013   9.59675845]]: 0.03539538636271443
r = [[ -8.9268545    0.11254965  -1.35902145]
 [-11.25034425  -3.24195638   4.94396083]
 [ -8.60837557  -5.6970837    4.3339537 ]
 [  8.79883254  -3.98029013   9.59675845]]: 0.007253070378543011
r = [[ -8.9268545    0.11254965  -1.35902145]
 [-11.25034425  -3.24195638   4.94396083]
 [ -8.60837557  -5.6970837    4.3339537 ]
 [  8.79883254  -3.98029013   9.59675845]]: 0.053539655437426906
