r = [[0.06970069 0.64887051 1.71395221]
 [0.15963096 1.95883901 0.23447592]
 [1.27316479 1.08647375 1.40295623]
 [0.86186152 1.8854716  1.57333777]]: 3.2711672897026543e-05
r = [[0.06970069 0.64887051 1.71395221]
 [0.15963096 1.95883901 0.23447592]
 [1.27316479 1.08647375 1.40295623]
 [0.86186152 1.8854716  1.57333777]]: 8.024315658466159e-05
r = [[0.06970069 0.64887051 1.71395221]
 [0.15963096 1.95883901 0.23447592]
 [1.27316479 1.08647375 1.40295623]
 [0.86186152 1.8854716  1.57333777]]: 4.479285377913454e-05
r = [[0.06970069 0.64887051 1.71395221]
 [0.15963096 1.95883901 0.23447592]
 [1.27316479 1.08647375 1.40295623]
 [0.86186152 1.8854716  1.57333777]]: 0.000602242307130447
r = [[0.06970069 0.64887051 1.71395221]
 [0.15963096 1.95883901 0.23447592]
 [1.27316479 1.08647375 1.40295623]
 [0.86186152 1.8854716  1.57333777]]: 0.00016800913674939823
r = [[0.06970069 0.64887051 1.71395221]
 [0.15963096 1.95883901 0.23447592]
 [1.27316479 1.08647375 1.40295623]
 [0.86186152 1.8854716  1.57333777]]: 0.0001344870085761483
r = [[0.06970069 0.64887051 1.71395221]
 [0.15963096 1.95883901 0.23447592]
 [1.27316479 1.08647375 1.40295623]
 [0.86186152 1.8854716  1.57333777]]: 5.059919463487209e-06
r = [[0.06970069 0.64887051 1.71395221]
 [0.15963096 1.95883901 0.23447592]
 [1.27316479 1.08647375 1.40295623]
 [0.86186152 1.8854716  1.57333777]]: 0.0002602041983794022
r = [[0.06970069 0.64887051 1.71395221]
 [0.15963096 1.95883901 0.23447592]
 [1.27316479 1.08647375 1.40295623]
 [0.86186152 1.8854716  1.57333777]]: 0.000799263591034105
r = [[0.06970069 0.64887051 1.71395221]
 [0.15963096 1.95883901 0.23447592]
 [1.27316479 1.08647375 1.40295623]
 [0.86186152 1.8854716  1.57333777]]: 0.0026844823213260888
