r = [[1.00259198 0.66991357 0.02397648]
 [1.53260006 0.13189866 1.31931162]
 [0.00942274 0.54218179 0.05266743]
 [0.75516777 0.01842633 1.0669777 ]]: 5.308002385260936e-05
r = [[1.00259198 0.66991357 0.02397648]
 [1.53260006 0.13189866 1.31931162]
 [0.00942274 0.54218179 0.05266743]
 [0.75516777 0.01842633 1.0669777 ]]: 0.00034846201275026293
r = [[1.00259198 0.66991357 0.02397648]
 [1.53260006 0.13189866 1.31931162]
 [0.00942274 0.54218179 0.05266743]
 [0.75516777 0.01842633 1.0669777 ]]: 0.0001337568981918074
r = [[1.00259198 0.66991357 0.02397648]
 [1.53260006 0.13189866 1.31931162]
 [0.00942274 0.54218179 0.05266743]
 [0.75516777 0.01842633 1.0669777 ]]: 0.0001618995785455419
r = [[1.00259198 0.66991357 0.02397648]
 [1.53260006 0.13189866 1.31931162]
 [0.00942274 0.54218179 0.05266743]
 [0.75516777 0.01842633 1.0669777 ]]: 0.00035522721684953595
r = [[1.00259198 0.66991357 0.02397648]
 [1.53260006 0.13189866 1.31931162]
 [0.00942274 0.54218179 0.05266743]
 [0.75516777 0.01842633 1.0669777 ]]: 0.00011112930276015374
r = [[1.00259198 0.66991357 0.02397648]
 [1.53260006 0.13189866 1.31931162]
 [0.00942274 0.54218179 0.05266743]
 [0.75516777 0.01842633 1.0669777 ]]: 0.00037090159353933165
r = [[1.00259198 0.66991357 0.02397648]
 [1.53260006 0.13189866 1.31931162]
 [0.00942274 0.54218179 0.05266743]
 [0.75516777 0.01842633 1.0669777 ]]: 9.866237191350333e-05
r = [[1.00259198 0.66991357 0.02397648]
 [1.53260006 0.13189866 1.31931162]
 [0.00942274 0.54218179 0.05266743]
 [0.75516777 0.01842633 1.0669777 ]]: 1.416527035351984e-06
r = [[1.00259198 0.66991357 0.02397648]
 [1.53260006 0.13189866 1.31931162]
 [0.00942274 0.54218179 0.05266743]
 [0.75516777 0.01842633 1.0669777 ]]: 8.097979480226059e-05
