r = [[  0.9609717   -0.16263022 -11.26800297]
 [  8.14442779  -4.70366007  -8.71226849]
 [ 10.49898007  -0.84253301   3.55172029]
 [  0.3979086   12.63281223  -5.06472374]]: 0.004719741210075361
r = [[  0.9609717   -0.16263022 -11.26800297]
 [  8.14442779  -4.70366007  -8.71226849]
 [ 10.49898007  -0.84253301   3.55172029]
 [  0.3979086   12.63281223  -5.06472374]]: 0.03221000577988369
r = [[  0.9609717   -0.16263022 -11.26800297]
 [  8.14442779  -4.70366007  -8.71226849]
 [ 10.49898007  -0.84253301   3.55172029]
 [  0.3979086   12.63281223  -5.06472374]]: 0.005643606052867004
r = [[  0.9609717   -0.16263022 -11.26800297]
 [  8.14442779  -4.70366007  -8.71226849]
 [ 10.49898007  -0.84253301   3.55172029]
 [  0.3979086   12.63281223  -5.06472374]]: 0.00635697556260441
r = [[  0.9609717   -0.16263022 -11.26800297]
 [  8.14442779  -4.70366007  -8.71226849]
 [ 10.49898007  -0.84253301   3.55172029]
 [  0.3979086   12.63281223  -5.06472374]]: 0.07005254604986735
r = [[  0.9609717   -0.16263022 -11.26800297]
 [  8.14442779  -4.70366007  -8.71226849]
 [ 10.49898007  -0.84253301   3.55172029]
 [  0.3979086   12.63281223  -5.06472374]]: 0.0008116196258924901
r = [[  0.9609717   -0.16263022 -11.26800297]
 [  8.14442779  -4.70366007  -8.71226849]
 [ 10.49898007  -0.84253301   3.55172029]
 [  0.3979086   12.63281223  -5.06472374]]: 0.01937621504267944
r = [[  0.9609717   -0.16263022 -11.26800297]
 [  8.14442779  -4.70366007  -8.71226849]
 [ 10.49898007  -0.84253301   3.55172029]
 [  0.3979086   12.63281223  -5.06472374]]: 0.015299213218635746
r = [[  0.9609717   -0.16263022 -11.26800297]
 [  8.14442779  -4.70366007  -8.71226849]
 [ 10.49898007  -0.84253301   3.55172029]
 [  0.3979086   12.63281223  -5.06472374]]: 0.02065702331518488
r = [[  0.9609717   -0.16263022 -11.26800297]
 [  8.14442779  -4.70366007  -8.71226849]
 [ 10.49898007  -0.84253301   3.55172029]
 [  0.3979086   12.63281223  -5.06472374]]: 0.02255051995494536
