r = [[-4.25089482  6.87705743 -1.33311259]
 [10.80021748 -0.05084578 10.02125662]
 [-9.92243781 11.34085301 10.31778238]
 [ 9.58118057 -1.14694112  9.29525489]]: 0.005720199069141277
r = [[-4.25089482  6.87705743 -1.33311259]
 [10.80021748 -0.05084578 10.02125662]
 [-9.92243781 11.34085301 10.31778238]
 [ 9.58118057 -1.14694112  9.29525489]]: 0.005160009172478957
r = [[-4.25089482  6.87705743 -1.33311259]
 [10.80021748 -0.05084578 10.02125662]
 [-9.92243781 11.34085301 10.31778238]
 [ 9.58118057 -1.14694112  9.29525489]]: 0.03405553900769779
r = [[-4.25089482  6.87705743 -1.33311259]
 [10.80021748 -0.05084578 10.02125662]
 [-9.92243781 11.34085301 10.31778238]
 [ 9.58118057 -1.14694112  9.29525489]]: 0.0038986331201158464
r = [[-4.25089482  6.87705743 -1.33311259]
 [10.80021748 -0.05084578 10.02125662]
 [-9.92243781 11.34085301 10.31778238]
 [ 9.58118057 -1.14694112  9.29525489]]: 0.0023375386372208595
r = [[-4.25089482  6.87705743 -1.33311259]
 [10.80021748 -0.05084578 10.02125662]
 [-9.92243781 11.34085301 10.31778238]
 [ 9.58118057 -1.14694112  9.29525489]]: 0.00016616081016504073
r = [[-4.25089482  6.87705743 -1.33311259]
 [10.80021748 -0.05084578 10.02125662]
 [-9.92243781 11.34085301 10.31778238]
 [ 9.58118057 -1.14694112  9.29525489]]: 0.0010156270997997905
r = [[-4.25089482  6.87705743 -1.33311259]
 [10.80021748 -0.05084578 10.02125662]
 [-9.92243781 11.34085301 10.31778238]
 [ 9.58118057 -1.14694112  9.29525489]]: 0.006004796429936375
r = [[-4.25089482  6.87705743 -1.33311259]
 [10.80021748 -0.05084578 10.02125662]
 [-9.92243781 11.34085301 10.31778238]
 [ 9.58118057 -1.14694112  9.29525489]]: 0.008946988099653806
r = [[-4.25089482  6.87705743 -1.33311259]
 [10.80021748 -0.05084578 10.02125662]
 [-9.92243781 11.34085301 10.31778238]
 [ 9.58118057 -1.14694112  9.29525489]]: 0.023050068079360893
