r = [[0.31227465 0.47884575 1.18654788]
 [1.94848939 0.82725385 0.05490702]
 [0.50023059 0.21204041 1.23437345]
 [0.4859199  1.76492912 0.88502259]]: 0.0006317098720631163
r = [[0.31227465 0.47884575 1.18654788]
 [1.94848939 0.82725385 0.05490702]
 [0.50023059 0.21204041 1.23437345]
 [0.4859199  1.76492912 0.88502259]]: 0.00047649891972209195
r = [[0.31227465 0.47884575 1.18654788]
 [1.94848939 0.82725385 0.05490702]
 [0.50023059 0.21204041 1.23437345]
 [0.4859199  1.76492912 0.88502259]]: 7.946178227159959e-06
r = [[0.31227465 0.47884575 1.18654788]
 [1.94848939 0.82725385 0.05490702]
 [0.50023059 0.21204041 1.23437345]
 [0.4859199  1.76492912 0.88502259]]: 0.00011241015090490691
r = [[0.31227465 0.47884575 1.18654788]
 [1.94848939 0.82725385 0.05490702]
 [0.50023059 0.21204041 1.23437345]
 [0.4859199  1.76492912 0.88502259]]: 0.00017442818742503214
r = [[0.31227465 0.47884575 1.18654788]
 [1.94848939 0.82725385 0.05490702]
 [0.50023059 0.21204041 1.23437345]
 [0.4859199  1.76492912 0.88502259]]: 1.1935091996357577e-05
r = [[0.31227465 0.47884575 1.18654788]
 [1.94848939 0.82725385 0.05490702]
 [0.50023059 0.21204041 1.23437345]
 [0.4859199  1.76492912 0.88502259]]: 1.0915648999798577e-05
r = [[0.31227465 0.47884575 1.18654788]
 [1.94848939 0.82725385 0.05490702]
 [0.50023059 0.21204041 1.23437345]
 [0.4859199  1.76492912 0.88502259]]: 1.8905626737770425e-05
r = [[0.31227465 0.47884575 1.18654788]
 [1.94848939 0.82725385 0.05490702]
 [0.50023059 0.21204041 1.23437345]
 [0.4859199  1.76492912 0.88502259]]: 8.534924258388596e-06
r = [[0.31227465 0.47884575 1.18654788]
 [1.94848939 0.82725385 0.05490702]
 [0.50023059 0.21204041 1.23437345]
 [0.4859199  1.76492912 0.88502259]]: 0.0001483491728972045
