r = [[ 2.81788869  9.12627063 -7.54920121]
 [ 6.36431117 -6.21906901  6.80360975]
 [-6.152735    7.02339733  6.69408868]
 [ 9.76423137 -7.584164   -8.87520022]]: 0.014613313350959547
r = [[ 2.81788869  9.12627063 -7.54920121]
 [ 6.36431117 -6.21906901  6.80360975]
 [-6.152735    7.02339733  6.69408868]
 [ 9.76423137 -7.584164   -8.87520022]]: 0.002891814253026886
r = [[ 2.81788869  9.12627063 -7.54920121]
 [ 6.36431117 -6.21906901  6.80360975]
 [-6.152735    7.02339733  6.69408868]
 [ 9.76423137 -7.584164   -8.87520022]]: 0.02066969026678375
r = [[ 2.81788869  9.12627063 -7.54920121]
 [ 6.36431117 -6.21906901  6.80360975]
 [-6.152735    7.02339733  6.69408868]
 [ 9.76423137 -7.584164   -8.87520022]]: 0.14330348252717937
r = [[ 2.81788869  9.12627063 -7.54920121]
 [ 6.36431117 -6.21906901  6.80360975]
 [-6.152735    7.02339733  6.69408868]
 [ 9.76423137 -7.584164   -8.87520022]]: 0.010538747941609472
r = [[ 2.81788869  9.12627063 -7.54920121]
 [ 6.36431117 -6.21906901  6.80360975]
 [-6.152735    7.02339733  6.69408868]
 [ 9.76423137 -7.584164   -8.87520022]]: 0.021250880023996745
r = [[ 2.81788869  9.12627063 -7.54920121]
 [ 6.36431117 -6.21906901  6.80360975]
 [-6.152735    7.02339733  6.69408868]
 [ 9.76423137 -7.584164   -8.87520022]]: 0.016404548094474843
r = [[ 2.81788869  9.12627063 -7.54920121]
 [ 6.36431117 -6.21906901  6.80360975]
 [-6.152735    7.02339733  6.69408868]
 [ 9.76423137 -7.584164   -8.87520022]]: 0.20173956054661954
r = [[ 2.81788869  9.12627063 -7.54920121]
 [ 6.36431117 -6.21906901  6.80360975]
 [-6.152735    7.02339733  6.69408868]
 [ 9.76423137 -7.584164   -8.87520022]]: 0.017470144566946795
r = [[ 2.81788869  9.12627063 -7.54920121]
 [ 6.36431117 -6.21906901  6.80360975]
 [-6.152735    7.02339733  6.69408868]
 [ 9.76423137 -7.584164   -8.87520022]]: 0.023003793587642058
