r = [[ -5.72402925  -5.44513842   8.14654829]
 [  0.41695234  -7.55327042   0.23099722]
 [ -3.89387732   6.05822359  -6.46706563]
 [-10.51140176  11.71586843   9.62253598]]: 0.06215499521100095
r = [[ -5.72402925  -5.44513842   8.14654829]
 [  0.41695234  -7.55327042   0.23099722]
 [ -3.89387732   6.05822359  -6.46706563]
 [-10.51140176  11.71586843   9.62253598]]: 0.0009194835937315864
r = [[ -5.72402925  -5.44513842   8.14654829]
 [  0.41695234  -7.55327042   0.23099722]
 [ -3.89387732   6.05822359  -6.46706563]
 [-10.51140176  11.71586843   9.62253598]]: 0.16436197555490903
r = [[ -5.72402925  -5.44513842   8.14654829]
 [  0.41695234  -7.55327042   0.23099722]
 [ -3.89387732   6.05822359  -6.46706563]
 [-10.51140176  11.71586843   9.62253598]]: 0.0011279215936415962
r = [[ -5.72402925  -5.44513842   8.14654829]
 [  0.41695234  -7.55327042   0.23099722]
 [ -3.89387732   6.05822359  -6.46706563]
 [-10.51140176  11.71586843   9.62253598]]: 0.01863296133732157
r = [[ -5.72402925  -5.44513842   8.14654829]
 [  0.41695234  -7.55327042   0.23099722]
 [ -3.89387732   6.05822359  -6.46706563]
 [-10.51140176  11.71586843   9.62253598]]: 0.009287166575502073
r = [[ -5.72402925  -5.44513842   8.14654829]
 [  0.41695234  -7.55327042   0.23099722]
 [ -3.89387732   6.05822359  -6.46706563]
 [-10.51140176  11.71586843   9.62253598]]: 0.004580192184740943
r = [[ -5.72402925  -5.44513842   8.14654829]
 [  0.41695234  -7.55327042   0.23099722]
 [ -3.89387732   6.05822359  -6.46706563]
 [-10.51140176  11.71586843   9.62253598]]: 0.000282624177218947
r = [[ -5.72402925  -5.44513842   8.14654829]
 [  0.41695234  -7.55327042   0.23099722]
 [ -3.89387732   6.05822359  -6.46706563]
 [-10.51140176  11.71586843   9.62253598]]: 0.0436064344830811
r = [[ -5.72402925  -5.44513842   8.14654829]
 [  0.41695234  -7.55327042   0.23099722]
 [ -3.89387732   6.05822359  -6.46706563]
 [-10.51140176  11.71586843   9.62253598]]: 0.002353670507935541
