r = [[  3.51934707  -4.35171631 -11.67962443]
 [  1.05882713   2.07282161   2.8467396 ]
 [  1.46607782  10.54985371   8.29548991]
 [  1.74052861  -4.71163     -7.45378463]]: 0.030959013317312514
r = [[  3.51934707  -4.35171631 -11.67962443]
 [  1.05882713   2.07282161   2.8467396 ]
 [  1.46607782  10.54985371   8.29548991]
 [  1.74052861  -4.71163     -7.45378463]]: 0.04472596078578915
r = [[  3.51934707  -4.35171631 -11.67962443]
 [  1.05882713   2.07282161   2.8467396 ]
 [  1.46607782  10.54985371   8.29548991]
 [  1.74052861  -4.71163     -7.45378463]]: 0.0002911026053230411
r = [[  3.51934707  -4.35171631 -11.67962443]
 [  1.05882713   2.07282161   2.8467396 ]
 [  1.46607782  10.54985371   8.29548991]
 [  1.74052861  -4.71163     -7.45378463]]: 0.0009392433650126415
r = [[  3.51934707  -4.35171631 -11.67962443]
 [  1.05882713   2.07282161   2.8467396 ]
 [  1.46607782  10.54985371   8.29548991]
 [  1.74052861  -4.71163     -7.45378463]]: 0.0007335843734576233
r = [[  3.51934707  -4.35171631 -11.67962443]
 [  1.05882713   2.07282161   2.8467396 ]
 [  1.46607782  10.54985371   8.29548991]
 [  1.74052861  -4.71163     -7.45378463]]: 0.017502976514931236
r = [[  3.51934707  -4.35171631 -11.67962443]
 [  1.05882713   2.07282161   2.8467396 ]
 [  1.46607782  10.54985371   8.29548991]
 [  1.74052861  -4.71163     -7.45378463]]: 0.04718618808380727
r = [[  3.51934707  -4.35171631 -11.67962443]
 [  1.05882713   2.07282161   2.8467396 ]
 [  1.46607782  10.54985371   8.29548991]
 [  1.74052861  -4.71163     -7.45378463]]: 0.018419924125607525
r = [[  3.51934707  -4.35171631 -11.67962443]
 [  1.05882713   2.07282161   2.8467396 ]
 [  1.46607782  10.54985371   8.29548991]
 [  1.74052861  -4.71163     -7.45378463]]: 0.0006007430783938617
r = [[  3.51934707  -4.35171631 -11.67962443]
 [  1.05882713   2.07282161   2.8467396 ]
 [  1.46607782  10.54985371   8.29548991]
 [  1.74052861  -4.71163     -7.45378463]]: 0.02266483274953706
