r = [[ -0.33328776  -1.55053844  -4.67768324]
 [  0.11289326 -13.83325295  -8.93906734]
 [ 10.8605962    7.39446459  -6.16889017]
 [  4.30014738  -5.94183736   0.58186707]]: 0.0008394297578239015
r = [[ -0.33328776  -1.55053844  -4.67768324]
 [  0.11289326 -13.83325295  -8.93906734]
 [ 10.8605962    7.39446459  -6.16889017]
 [  4.30014738  -5.94183736   0.58186707]]: 0.029174589418939183
r = [[ -0.33328776  -1.55053844  -4.67768324]
 [  0.11289326 -13.83325295  -8.93906734]
 [ 10.8605962    7.39446459  -6.16889017]
 [  4.30014738  -5.94183736   0.58186707]]: 0.00023813883100436733
r = [[ -0.33328776  -1.55053844  -4.67768324]
 [  0.11289326 -13.83325295  -8.93906734]
 [ 10.8605962    7.39446459  -6.16889017]
 [  4.30014738  -5.94183736   0.58186707]]: 0.02214249549433589
r = [[ -0.33328776  -1.55053844  -4.67768324]
 [  0.11289326 -13.83325295  -8.93906734]
 [ 10.8605962    7.39446459  -6.16889017]
 [  4.30014738  -5.94183736   0.58186707]]: 0.01328070747799107
r = [[ -0.33328776  -1.55053844  -4.67768324]
 [  0.11289326 -13.83325295  -8.93906734]
 [ 10.8605962    7.39446459  -6.16889017]
 [  4.30014738  -5.94183736   0.58186707]]: 0.0024906861695594023
r = [[ -0.33328776  -1.55053844  -4.67768324]
 [  0.11289326 -13.83325295  -8.93906734]
 [ 10.8605962    7.39446459  -6.16889017]
 [  4.30014738  -5.94183736   0.58186707]]: 0.116832488615598
r = [[ -0.33328776  -1.55053844  -4.67768324]
 [  0.11289326 -13.83325295  -8.93906734]
 [ 10.8605962    7.39446459  -6.16889017]
 [  4.30014738  -5.94183736   0.58186707]]: 0.005794771514566881
r = [[ -0.33328776  -1.55053844  -4.67768324]
 [  0.11289326 -13.83325295  -8.93906734]
 [ 10.8605962    7.39446459  -6.16889017]
 [  4.30014738  -5.94183736   0.58186707]]: 0.02945200546777674
r = [[ -0.33328776  -1.55053844  -4.67768324]
 [  0.11289326 -13.83325295  -8.93906734]
 [ 10.8605962    7.39446459  -6.16889017]
 [  4.30014738  -5.94183736   0.58186707]]: 0.0004032356519019231
