r = [[ -4.728903     7.02192404   5.68542735]
 [ -5.23366189   4.38942381 -14.57754983]
 [  6.72016914   2.05222573  -9.65849425]
 [ -8.66269717   6.64859976   3.43024665]]: 0.0026884168120367186
r = [[ -4.728903     7.02192404   5.68542735]
 [ -5.23366189   4.38942381 -14.57754983]
 [  6.72016914   2.05222573  -9.65849425]
 [ -8.66269717   6.64859976   3.43024665]]: 0.026178913856191293
r = [[ -4.728903     7.02192404   5.68542735]
 [ -5.23366189   4.38942381 -14.57754983]
 [  6.72016914   2.05222573  -9.65849425]
 [ -8.66269717   6.64859976   3.43024665]]: 0.002454256297953959
r = [[ -4.728903     7.02192404   5.68542735]
 [ -5.23366189   4.38942381 -14.57754983]
 [  6.72016914   2.05222573  -9.65849425]
 [ -8.66269717   6.64859976   3.43024665]]: 0.05171535363686936
r = [[ -4.728903     7.02192404   5.68542735]
 [ -5.23366189   4.38942381 -14.57754983]
 [  6.72016914   2.05222573  -9.65849425]
 [ -8.66269717   6.64859976   3.43024665]]: 0.030230949632823467
r = [[ -4.728903     7.02192404   5.68542735]
 [ -5.23366189   4.38942381 -14.57754983]
 [  6.72016914   2.05222573  -9.65849425]
 [ -8.66269717   6.64859976   3.43024665]]: 0.034154383066509454
r = [[ -4.728903     7.02192404   5.68542735]
 [ -5.23366189   4.38942381 -14.57754983]
 [  6.72016914   2.05222573  -9.65849425]
 [ -8.66269717   6.64859976   3.43024665]]: 0.017278712076534117
r = [[ -4.728903     7.02192404   5.68542735]
 [ -5.23366189   4.38942381 -14.57754983]
 [  6.72016914   2.05222573  -9.65849425]
 [ -8.66269717   6.64859976   3.43024665]]: 0.009016277368313499
r = [[ -4.728903     7.02192404   5.68542735]
 [ -5.23366189   4.38942381 -14.57754983]
 [  6.72016914   2.05222573  -9.65849425]
 [ -8.66269717   6.64859976   3.43024665]]: 0.0005272165456387613
r = [[ -4.728903     7.02192404   5.68542735]
 [ -5.23366189   4.38942381 -14.57754983]
 [  6.72016914   2.05222573  -9.65849425]
 [ -8.66269717   6.64859976   3.43024665]]: 0.0009357066218009484
