r = [[ 2.30189021  7.71389912  1.39279196]
 [-7.24116727 -1.47870399  2.11792766]
 [ 1.38498446 -0.47068756 -7.42702229]
 [-9.31158782  9.65187597  1.81653721]]: 0.024916850229991332
r = [[ 2.30189021  7.71389912  1.39279196]
 [-7.24116727 -1.47870399  2.11792766]
 [ 1.38498446 -0.47068756 -7.42702229]
 [-9.31158782  9.65187597  1.81653721]]: 0.01167404412158898
r = [[ 2.30189021  7.71389912  1.39279196]
 [-7.24116727 -1.47870399  2.11792766]
 [ 1.38498446 -0.47068756 -7.42702229]
 [-9.31158782  9.65187597  1.81653721]]: 2.974638027808396e-05
r = [[ 2.30189021  7.71389912  1.39279196]
 [-7.24116727 -1.47870399  2.11792766]
 [ 1.38498446 -0.47068756 -7.42702229]
 [-9.31158782  9.65187597  1.81653721]]: 0.013496310050998415
r = [[ 2.30189021  7.71389912  1.39279196]
 [-7.24116727 -1.47870399  2.11792766]
 [ 1.38498446 -0.47068756 -7.42702229]
 [-9.31158782  9.65187597  1.81653721]]: 0.0027293213975748847
r = [[ 2.30189021  7.71389912  1.39279196]
 [-7.24116727 -1.47870399  2.11792766]
 [ 1.38498446 -0.47068756 -7.42702229]
 [-9.31158782  9.65187597  1.81653721]]: 0.01826211597238268
r = [[ 2.30189021  7.71389912  1.39279196]
 [-7.24116727 -1.47870399  2.11792766]
 [ 1.38498446 -0.47068756 -7.42702229]
 [-9.31158782  9.65187597  1.81653721]]: 0.0008148099295794964
r = [[ 2.30189021  7.71389912  1.39279196]
 [-7.24116727 -1.47870399  2.11792766]
 [ 1.38498446 -0.47068756 -7.42702229]
 [-9.31158782  9.65187597  1.81653721]]: 0.0011480320161873741
r = [[ 2.30189021  7.71389912  1.39279196]
 [-7.24116727 -1.47870399  2.11792766]
 [ 1.38498446 -0.47068756 -7.42702229]
 [-9.31158782  9.65187597  1.81653721]]: 0.05007690763367074
r = [[ 2.30189021  7.71389912  1.39279196]
 [-7.24116727 -1.47870399  2.11792766]
 [ 1.38498446 -0.47068756 -7.42702229]
 [-9.31158782  9.65187597  1.81653721]]: 0.000371256801632366
