r = [[0.65256011 1.31930243 0.46933762]
 [0.99806363 1.26845601 0.18611069]
 [1.91383256 1.90739646 1.38665238]
 [1.21493842 0.94328153 0.7622176 ]]: 0.0006234454480623494
r = [[0.65256011 1.31930243 0.46933762]
 [0.99806363 1.26845601 0.18611069]
 [1.91383256 1.90739646 1.38665238]
 [1.21493842 0.94328153 0.7622176 ]]: 5.152220962502595e-06
r = [[0.65256011 1.31930243 0.46933762]
 [0.99806363 1.26845601 0.18611069]
 [1.91383256 1.90739646 1.38665238]
 [1.21493842 0.94328153 0.7622176 ]]: 9.094345646839688e-06
r = [[0.65256011 1.31930243 0.46933762]
 [0.99806363 1.26845601 0.18611069]
 [1.91383256 1.90739646 1.38665238]
 [1.21493842 0.94328153 0.7622176 ]]: 0.0005351980008916664
r = [[0.65256011 1.31930243 0.46933762]
 [0.99806363 1.26845601 0.18611069]
 [1.91383256 1.90739646 1.38665238]
 [1.21493842 0.94328153 0.7622176 ]]: 0.0002627338149717876
r = [[0.65256011 1.31930243 0.46933762]
 [0.99806363 1.26845601 0.18611069]
 [1.91383256 1.90739646 1.38665238]
 [1.21493842 0.94328153 0.7622176 ]]: 0.0004528621718366464
r = [[0.65256011 1.31930243 0.46933762]
 [0.99806363 1.26845601 0.18611069]
 [1.91383256 1.90739646 1.38665238]
 [1.21493842 0.94328153 0.7622176 ]]: 3.568371344694502e-05
r = [[0.65256011 1.31930243 0.46933762]
 [0.99806363 1.26845601 0.18611069]
 [1.91383256 1.90739646 1.38665238]
 [1.21493842 0.94328153 0.7622176 ]]: 1.4113552164677198e-05
r = [[0.65256011 1.31930243 0.46933762]
 [0.99806363 1.26845601 0.18611069]
 [1.91383256 1.90739646 1.38665238]
 [1.21493842 0.94328153 0.7622176 ]]: 3.815968414398542e-05
r = [[0.65256011 1.31930243 0.46933762]
 [0.99806363 1.26845601 0.18611069]
 [1.91383256 1.90739646 1.38665238]
 [1.21493842 0.94328153 0.7622176 ]]: 6.5947347138717305e-06
