r = [[1.76080148 1.55091245 1.81787612]
 [1.32791383 1.92230082 1.33041951]
 [0.37487681 0.19386226 1.80923654]
 [1.45987085 1.76095406 1.66861714]]: 1.547217977661473e-05
r = [[1.76080148 1.55091245 1.81787612]
 [1.32791383 1.92230082 1.33041951]
 [0.37487681 0.19386226 1.80923654]
 [1.45987085 1.76095406 1.66861714]]: 2.968147733944144e-06
r = [[1.76080148 1.55091245 1.81787612]
 [1.32791383 1.92230082 1.33041951]
 [0.37487681 0.19386226 1.80923654]
 [1.45987085 1.76095406 1.66861714]]: 4.539233909131976e-06
r = [[1.76080148 1.55091245 1.81787612]
 [1.32791383 1.92230082 1.33041951]
 [0.37487681 0.19386226 1.80923654]
 [1.45987085 1.76095406 1.66861714]]: 2.2189909389323603e-06
r = [[1.76080148 1.55091245 1.81787612]
 [1.32791383 1.92230082 1.33041951]
 [0.37487681 0.19386226 1.80923654]
 [1.45987085 1.76095406 1.66861714]]: 3.248019291796871e-05
r = [[1.76080148 1.55091245 1.81787612]
 [1.32791383 1.92230082 1.33041951]
 [0.37487681 0.19386226 1.80923654]
 [1.45987085 1.76095406 1.66861714]]: 8.676564902998507e-06
r = [[1.76080148 1.55091245 1.81787612]
 [1.32791383 1.92230082 1.33041951]
 [0.37487681 0.19386226 1.80923654]
 [1.45987085 1.76095406 1.66861714]]: 9.282165332738909e-06
r = [[1.76080148 1.55091245 1.81787612]
 [1.32791383 1.92230082 1.33041951]
 [0.37487681 0.19386226 1.80923654]
 [1.45987085 1.76095406 1.66861714]]: 0.00015876409919915853
r = [[1.76080148 1.55091245 1.81787612]
 [1.32791383 1.92230082 1.33041951]
 [0.37487681 0.19386226 1.80923654]
 [1.45987085 1.76095406 1.66861714]]: 4.908252451839092e-06
r = [[1.76080148 1.55091245 1.81787612]
 [1.32791383 1.92230082 1.33041951]
 [0.37487681 0.19386226 1.80923654]
 [1.45987085 1.76095406 1.66861714]]: 4.370277338239248e-06
