r = [[  7.21599958  -6.57209659 -15.22951544]
 [ -0.74267695   3.81369187   4.57174717]
 [ -6.54014237  -7.71090641   9.50691524]
 [ -7.91210023   9.21820298  -3.0999954 ]]: 0.0003683859083269324
r = [[  7.21599958  -6.57209659 -15.22951544]
 [ -0.74267695   3.81369187   4.57174717]
 [ -6.54014237  -7.71090641   9.50691524]
 [ -7.91210023   9.21820298  -3.0999954 ]]: 0.003454301522911659
r = [[  7.21599958  -6.57209659 -15.22951544]
 [ -0.74267695   3.81369187   4.57174717]
 [ -6.54014237  -7.71090641   9.50691524]
 [ -7.91210023   9.21820298  -3.0999954 ]]: 0.02417967879279916
r = [[  7.21599958  -6.57209659 -15.22951544]
 [ -0.74267695   3.81369187   4.57174717]
 [ -6.54014237  -7.71090641   9.50691524]
 [ -7.91210023   9.21820298  -3.0999954 ]]: 0.0035363569373397957
r = [[  7.21599958  -6.57209659 -15.22951544]
 [ -0.74267695   3.81369187   4.57174717]
 [ -6.54014237  -7.71090641   9.50691524]
 [ -7.91210023   9.21820298  -3.0999954 ]]: 0.02406421463404383
r = [[  7.21599958  -6.57209659 -15.22951544]
 [ -0.74267695   3.81369187   4.57174717]
 [ -6.54014237  -7.71090641   9.50691524]
 [ -7.91210023   9.21820298  -3.0999954 ]]: 0.012557931909603732
r = [[  7.21599958  -6.57209659 -15.22951544]
 [ -0.74267695   3.81369187   4.57174717]
 [ -6.54014237  -7.71090641   9.50691524]
 [ -7.91210023   9.21820298  -3.0999954 ]]: 0.026356911319973215
r = [[  7.21599958  -6.57209659 -15.22951544]
 [ -0.74267695   3.81369187   4.57174717]
 [ -6.54014237  -7.71090641   9.50691524]
 [ -7.91210023   9.21820298  -3.0999954 ]]: 0.0515916901640594
r = [[  7.21599958  -6.57209659 -15.22951544]
 [ -0.74267695   3.81369187   4.57174717]
 [ -6.54014237  -7.71090641   9.50691524]
 [ -7.91210023   9.21820298  -3.0999954 ]]: 0.02222013832735164
r = [[  7.21599958  -6.57209659 -15.22951544]
 [ -0.74267695   3.81369187   4.57174717]
 [ -6.54014237  -7.71090641   9.50691524]
 [ -7.91210023   9.21820298  -3.0999954 ]]: 0.009800347200195705
