tensor([[ 7.0596e-03, -3.0398e-01, -3.3859e-01],
        [ 7.5400e-01,  3.0671e-02,  2.6716e-01],
        [-2.8599e-01, -5.6647e-01, -2.2463e-01],
        [ 6.6225e-01, -4.3142e-01,  4.2159e-01],
        [-9.9116e-02, -5.8259e-02,  7.9792e-02],
        [ 4.1006e-01, -3.0888e-01,  5.1411e-01],
        [-2.9008e-01, -1.8108e-01, -1.1921e-01],
        [-1.6098e-01, -3.2924e-01, -5.6222e-01],
        [-3.0645e-01,  5.4076e-01,  3.5263e-01],
        [ 8.1411e-01, -9.5038e-01, -7.9442e-01],
        [ 7.9257e-02, -6.0664e-01, -5.3859e-02],
        [-7.0298e-01,  4.9837e-01, -7.0211e-01],
        [-1.1388e+00,  1.2751e-02,  2.7085e-01],
        [ 4.4042e-01,  5.3347e-01, -2.6166e-01],
        [-2.1477e-01, -4.2038e-02, -4.7111e-01],
        [-4.7445e-01,  1.8816e-01,  3.6962e-01],
        [-3.4136e-01,  4.2617e-01, -1.1935e+00],
        [-2.6056e-01,  3.5113e-01, -1.0429e+00],
        [-1.3348e+00, -8.8678e-02,  4.0298e-01],
        [-4.2106e-02, -3.5821e-01, -1.4184e-01],
        [ 6.7937e-02, -1.4188e+00, -1.5457e-01],
        [-5.4774e-01,  3.2740e-01, -1.1644e+00],
        [-1.7211e-01,  7.2087e-01, -8.1605e-01],
        [ 1.5846e-01, -1.9764e+00,  2.9804e-01],
        [-2.9724e-01, -9.0524e-03,  7.1086e-01],
        [ 5.9607e-01,  6.0047e-01,  4.9167e-01],
        [ 5.6123e-01,  6.6782e-01,  9.0945e-02],
        [ 1.2548e-02, -3.6388e-01,  1.3991e-01],
        [ 3.4029e-01, -4.3750e-01, -8.0235e-01],
        [ 6.3304e-02, -1.3341e+00,  3.1634e-01],
        [-3.1493e-01,  4.2941e-02,  2.0222e-01],
        [-1.2666e-01,  2.7646e-01,  4.4046e-01],
        [-7.2765e-02, -2.6344e-01,  2.5464e-01],
        [ 8.8349e-01, -3.6266e-02, -1.9020e-01],
        [ 1.0816e+00,  9.7447e-01,  9.0797e-01],
        [-2.8319e+00, -2.4008e+00, -8.8267e-02],
        [-2.6694e-02, -5.0284e-02, -7.9632e-02],
        [-3.4382e-01,  5.8191e-01,  6.0918e-01],
        [ 8.7974e-01, -1.0360e-01, -1.5924e-01],
        [-7.2606e-01, -6.1252e-01,  6.0233e-01],
        [ 6.4215e-02, -1.5293e-01, -1.9195e-01],
        [ 5.5525e-01,  3.4525e-02,  1.2908e-01],
        [ 4.9991e-01,  5.4057e-01,  4.9889e-01],
        [-1.8895e-01,  4.3357e-01,  1.7594e-01],
        [-2.5625e-01, -1.6080e-01,  1.3294e-01],
        [-7.8787e-01,  1.5756e-01, -3.8385e-01],
        [ 6.0891e-01,  6.3256e-01,  5.1496e-01],
        [ 5.5617e-01, -7.5940e-01, -5.5648e-01],
        [-8.3644e-03,  4.4399e-02, -3.1953e-01],
        [ 7.3029e-01, -9.8867e-02, -3.4163e-01],
        [ 2.6672e-01, -1.7242e-01,  3.2064e-01],
        [-2.2478e-01,  5.4731e-01, -7.1230e-01],
        [ 1.7787e-01,  2.2425e-01, -1.6298e-01],
        [ 5.8775e-01,  4.0645e-01, -2.6539e-01],
        [-7.7788e-01, -7.7189e-01, -5.9632e-01],
        [-1.4205e-01, -4.3555e-01, -1.1441e-01],
        [-6.1805e-01,  3.2210e-01,  3.0963e-02],
        [-7.6444e-01, -7.7092e-01, -5.6000e-01],
        [-7.8387e-01,  3.1625e-01, -8.0895e-01],
        [-1.1679e+00,  5.5615e-01,  5.2719e-01],
        [-7.2511e-01,  7.3181e-01,  7.6801e-01],
        [-5.3115e-01, -2.8064e-01, -5.2753e-01],
        [-4.5811e-01, -4.3134e-01,  4.1748e-01],
        [ 7.7810e-01,  8.2041e-01, -2.7863e-02],
        [-7.3445e-01,  1.5089e-01, -2.2105e-01],
        [-3.6371e-02, -3.7657e-01, -9.2798e-02],
        [ 7.4819e-01, -1.5201e-01, -1.3747e-01],
        [ 2.0049e-01, -5.0104e-01,  2.2018e-01],
        [-3.8960e-01, -1.9556e-01, -4.6488e-01],
        [-1.1750e-01, -5.4814e-01,  3.4680e-02],
        [-3.2709e-01, -6.9908e-01,  5.2925e-02],
        [-6.7806e-01,  6.9693e-01, -2.1834e-01],
        [ 3.6156e-01, -1.7050e-03, -1.2431e+00],
        [-1.4690e-02,  3.5623e-01, -5.0193e-01],
        [ 6.3934e-01,  6.6231e-01,  5.1033e-01],
        [-2.6033e-01, -4.4750e-01,  9.0674e-02],
        [-2.6043e-01, -5.4967e-01,  1.6990e-02],
        [-2.5418e-01, -2.3751e-02,  5.8185e-01],
        [ 6.6747e-01,  6.8424e-01,  5.2527e-01],
        [-1.1509e+00, -9.8048e-01, -9.4462e-01],
        [-5.7142e-01,  4.3620e-01, -5.9388e-02],
        [-1.2435e-01,  4.3235e-01,  1.1600e-01],
        [ 7.4975e-01,  2.8197e-02, -6.2007e-02],
        [ 1.7765e-01,  1.8105e-01,  4.2383e-01],
        [-6.6242e-02, -3.5261e-01,  1.4950e-01],
        [-7.2706e-02,  3.3685e-01, -1.0206e+00],
        [ 5.5600e-01,  4.8808e-01, -4.5758e-01],
        [-6.2174e-01, -7.6323e-01, -6.7827e-01],
        [-1.2061e+00, -9.7447e-01,  7.6033e-01],
        [ 5.0845e-01,  6.4907e-01, -3.9475e-01],
        [-2.8721e-01, -4.8182e-01, -1.1722e-01],
        [-6.0913e-01, -1.5890e-01,  4.6052e-01],
        [-2.1527e-01,  1.5373e-01,  8.9610e-01],
        [-1.0935e+00, -1.0166e+00, -6.8533e-03],
        [-9.7427e-01, -8.1330e-01,  7.4622e-01],
        [ 2.3841e-01,  1.4452e-01,  7.5222e-01],
        [ 2.8260e-02, -1.3247e+00,  1.4165e-01],
        [-5.9844e-01, -5.8356e-01, -4.4955e-01],
        [-1.4596e+00, -8.4336e-01,  4.8808e-02],
        [ 1.5352e-01,  1.2325e-01, -1.5317e+00],
        [-7.9164e-02,  3.7896e-01, -9.4110e-01],
        [ 4.0195e-02, -3.6337e-01,  3.4792e-01],
        [-7.0552e-01,  1.8378e-01,  6.0988e-01],
        [-3.2714e-01, -2.9554e-02, -6.5731e-03],
        [-3.5080e-01,  2.8098e-01,  1.7598e-01],
        [ 7.2902e-01,  4.0402e-01, -8.8021e-01],
        [-2.8531e-02, -1.0169e-01,  1.7660e-03],
        [-1.3141e+00, -1.2291e+00,  2.7668e-01],
        [ 3.3277e-01,  4.1166e-01,  2.6955e-01],
        [-7.0638e-01,  4.8276e-01,  2.9493e-01],
        [ 1.0669e-01, -5.7323e-02, -1.0771e-01],
        [ 5.0529e-01,  2.6892e-01,  5.0332e-01],
        [ 6.2246e-01, -7.5965e-01, -6.7462e-01],
        [-1.6794e-02, -2.2857e-01,  2.6443e-01],
        [-1.1989e-02, -2.7267e-01, -3.8572e-01],
        [-6.0082e-02, -2.0164e-01,  1.4964e-01],
        [ 2.4979e-02,  6.5937e-01,  2.0652e-01],
        [ 2.5241e-01, -8.3107e-01, -6.1634e-01],
        [ 2.2610e-01, -2.1775e-01, -1.1709e+00],
        [ 5.6552e-01, -1.1272e+00, -4.5723e-01],
        [-1.5641e-01,  1.1681e-01, -7.2266e-02],
        [ 1.3060e-01, -1.1210e-01, -2.5524e-01],
        [-5.5722e-01, -9.2159e-01,  3.4337e-01],
        [-2.2631e-01, -2.1679e-01, -6.5969e-02],
        [-7.5930e-01, -7.0155e-01, -5.0484e-01],
        [-3.8363e-01, -3.6693e-01, -3.9139e-01],
        [ 1.0136e-01,  5.7693e-01, -4.3244e-01],
        [-4.3944e-01, -9.3418e-02, -4.7266e-01]])
tensor([-0.5056, -0.4788,  0.6956, -0.8951,  0.1008, -0.0214,  0.2471, -0.2406,
        -0.7419, -0.3300,  0.4119,  0.4448,  0.6247,  0.0671, -0.1395,  0.4024,
        -0.0970, -0.0972,  0.4137, -0.4942,  0.9457, -0.0700, -0.3136,  0.5081,
        -0.2284, -0.8668, -0.4121,  0.4476, -0.0944,  0.3662, -0.4898,  0.2159,
         0.4377, -0.1819, -1.4520,  1.0216,  0.1733, -0.0862, -0.1798, -0.1846,
        -0.5607, -0.2960, -0.7853,  0.0881,  0.3422,  0.0099, -0.8908, -0.0982,
        -0.3643, -0.1513,  0.1034, -0.0287, -0.5209,  0.0456,  1.0815, -0.4531,
         0.1528,  1.0493,  0.2425, -0.2384, -0.4115, -0.4915,  0.6099, -0.5678,
         0.3992,  0.5989, -0.3183,  0.1878, -0.2845, -0.3284,  0.5338, -0.2355,
         0.3828,  0.3763, -0.9246, -0.3241,  0.4194, -0.1737, -0.9561,  1.5152,
         0.3673,  0.5038, -0.5014, -0.0779, -0.2495,  0.4374,  0.1363,  1.0334,
        -0.2799,  0.0317, -0.3031, -0.0595, -0.4342,  0.6436, -0.2593, -0.5619,
        -0.3423,  0.8179,  0.4203,  0.2944,  0.3345, -0.5666,  0.2882,  0.4419,
         0.2035,  0.2126,  0.1551,  0.5129,  0.1873,  0.4465, -0.4780, -0.0517,
        -0.1108,  0.3278,  0.5719, -0.3916, -0.4705,  0.1860,  0.5742,  0.1725,
        -0.3439,  0.4656, -0.0735,  0.3763,  0.9870, -0.2373,  0.2655, -0.5488])