tensor([[-6.0731e-03, -3.9015e-02,  2.0911e-02, -3.1098e-03, -6.2575e-02,
         -9.0330e-03,  4.3061e-03,  2.1898e-02, -1.7205e-03, -2.3873e-01,
         -2.5877e-02,  1.2205e-02,  1.1858e-02,  1.3348e-04,  7.8593e-03,
         -1.3532e-01, -7.9218e-02,  1.0382e-01, -1.6369e-02, -5.3089e-03,
          1.1251e-02,  1.6794e-03,  7.7190e-03, -1.4409e-01, -7.8586e-02,
         -5.9581e-02,  5.6012e-02,  2.6600e-03, -1.5964e-01,  2.0057e-02,
          1.6193e-02, -3.8669e-02,  6.1536e-03,  3.6504e-02,  1.1153e-02,
          4.5950e-03,  6.0371e-02, -6.4707e-02, -3.7753e-02,  4.3394e-02,
          2.7162e-02,  2.7061e-02,  9.3323e-03,  1.6520e-02, -1.1130e-01,
         -1.1051e-02, -4.8516e-04,  1.4224e-02, -9.9391e-03, -9.0378e-03,
         -9.2442e-03, -2.8819e-02, -2.1653e-03, -5.1222e-03,  1.6255e-03,
         -2.1745e-02, -2.6316e-02,  2.1878e-02,  4.7709e-03,  1.4781e-03,
          2.9096e-03, -1.3981e-02,  3.8363e-02, -1.5066e-02, -4.2575e-03,
          5.8384e-03,  6.2257e-02, -7.6485e-04,  9.8930e-03,  1.0667e-03,
         -7.9934e-04,  2.1353e-02,  2.7312e-02,  1.1601e-03,  6.1883e-03,
          1.9353e-02,  2.4611e-03, -2.0633e-02, -1.8128e-03,  1.8475e-02,
          1.2314e-02,  3.9798e-03,  5.9362e-03, -7.8013e-03, -3.9651e-03,
         -1.2146e-03,  4.0985e-05,  8.3738e-02, -1.0442e-01,  5.8715e-03,
          2.6359e-02, -5.7534e-02, -3.0518e-05,  4.5920e-03,  5.6840e-03,
         -2.7194e-02,  4.8528e-03,  4.1010e-03,  6.3885e-02,  2.8673e-02,
         -5.9287e-03,  6.6373e-03,  9.1750e-04,  4.7986e-03, -4.2218e-02,
         -2.7706e-03,  1.4834e-02,  3.8727e-02, -6.8677e-03, -1.4402e-01,
          7.8381e-04,  4.8562e-03, -1.0913e-01, -2.9880e-02,  2.1574e-02,
          1.8017e-02,  7.5504e-04, -8.5050e-02, -1.0844e-02, -3.4918e-02,
         -3.1214e-03, -8.1857e-03,  7.2761e-02, -1.6771e-02,  9.9835e-03,
         -1.7588e-01,  5.1258e-03,  1.5954e-02,  8.9999e-03, -1.0761e-02,
          6.4890e-03,  5.9097e-03, -1.9963e-02,  4.0732e-03,  4.3024e-02,
          4.8219e-03,  1.9150e-02, -2.9623e-04,  2.0893e-03,  4.7051e-03,
         -5.0882e-02,  8.4825e-03, -1.6503e-02,  1.7147e-02, -1.5609e-02,
         -7.7664e-03, -8.6866e-02,  6.0417e-03, -1.9294e-03,  1.5327e-02,
          6.8351e-03,  1.3013e-01,  4.3037e-03,  1.1508e-03, -3.0129e-03,
          4.8415e-02, -2.6950e-03, -4.9465e-03, -4.7898e-03,  1.2890e-02,
          1.8034e-02, -1.0637e-02,  5.5699e-03, -6.1396e-03,  3.5034e-04,
         -9.0178e-03, -3.1347e-03, -8.5110e-03,  2.4280e-03, -5.3371e-03,
         -7.7360e-04, -5.7953e-04,  3.9767e-02, -6.9453e-03, -1.9007e-04,
          1.8501e-02, -4.3959e-03,  4.0614e-03, -4.2429e-03,  3.3307e-03,
          3.5324e-03,  1.6973e-03, -8.9659e-03, -5.1640e-03,  5.6501e-02,
          3.8829e-03, -6.0794e-02, -1.0418e-01, -1.1898e-02,  1.8503e-02,
          1.1892e-02, -3.2094e-03, -7.5886e-02,  8.3095e-03,  4.5702e-02,
          3.3539e-02, -2.1068e-03,  2.6104e-02,  7.6565e-02, -5.8125e-02,
          2.5287e-02,  7.7809e-02, -9.2306e-03,  7.0920e-03,  3.6140e-03,
         -2.0329e-02,  4.9625e-03, -8.4587e-04, -2.8873e-03,  3.4762e-03,
         -6.4430e-03,  1.5267e-01, -2.9597e-03,  7.9576e-04,  2.7127e-03,
         -8.2316e-03, -1.3510e-01,  2.5872e-02,  9.4689e-03, -8.3705e-03,
          4.1313e-04, -4.3560e-02, -2.6210e-02,  8.0334e-03,  1.0201e-01,
          1.1156e-02, -4.3507e-02,  4.1831e-03,  7.3489e-03, -4.0132e-04,
          4.6445e-03,  1.5682e-01, -1.5746e-02, -4.0497e-03, -4.8860e-03,
          1.8066e-01,  6.9843e-03,  2.7294e-02, -9.0487e-02, -4.0386e-03,
          3.1686e-02, -4.7447e-03, -1.4446e-01,  1.0104e-02, -1.0910e-01,
          3.6894e-02,  6.1203e-03, -6.8013e-02,  5.7371e-02, -4.6671e-03,
          7.1707e-03,  4.0566e-03,  4.3955e-04,  7.3796e-03,  1.2916e-04,
         -1.0819e-02,  1.1127e-02,  8.7647e-02,  1.0318e-02,  3.2724e-03,
          7.5320e-03,  1.3896e-03, -6.0073e-03,  1.0843e-02,  2.0749e-02,
         -5.3806e-04, -7.7404e-03,  3.5084e-04,  4.0493e-03, -6.1304e-02,
         -2.3698e-02,  1.5820e-02,  4.1096e-02, -2.1450e-03, -8.0235e-02,
          1.5804e-04,  2.0361e-02, -1.3382e-01,  4.5132e-02,  1.1881e-02,
         -3.3381e-03, -2.0015e-02,  1.8090e-02,  3.5225e-02, -2.5145e-02,
         -7.9738e-02,  9.0154e-03,  1.5508e-03,  8.5676e-04,  1.9533e-03,
          7.0089e-03, -7.9624e-03,  4.1993e-03, -1.4476e-01,  1.6091e-02,
         -4.1402e-02,  6.0417e-03, -4.4529e-03, -5.8189e-04,  4.3925e-03,
          6.5054e-03,  8.4199e-03, -7.4276e-03, -2.8445e-03, -1.2065e-03,
          9.0774e-03, -1.2636e-01,  2.9523e-03,  1.0729e-02, -2.0836e-02,
         -3.4503e-02, -4.9183e-02,  1.2934e-01,  3.3197e-02,  1.1165e-02,
          3.9809e-03,  1.3528e-01,  1.1810e-02, -2.7140e-03,  9.8306e-03,
          2.9600e-02,  9.1161e-02,  1.0242e-02, -4.6062e-02, -1.5506e-02,
          7.4806e-03,  5.6311e-03, -1.0109e-02,  7.6654e-03, -3.6214e-03,
          3.8505e-02, -4.3126e-03,  1.4642e-02,  4.3363e-02,  2.1620e-03,
         -2.1146e-02, -5.2557e-02, -1.8110e-01, -1.4834e-02,  3.5186e-02,
          5.0074e-02,  1.4735e-02, -4.6558e-02,  1.6682e-01, -4.4772e-02,
          2.2798e-03,  6.7512e-03, -1.6387e-02, -4.1385e-03,  6.9043e-03,
          7.6707e-03,  1.8653e-02,  8.2175e-03,  1.3483e-02, -1.5391e-03,
          1.1837e-01,  5.2795e-03,  6.7919e-03, -1.5172e-02,  9.2900e-03,
          6.7438e-03, -5.0909e-02, -2.2681e-01, -5.2364e-02, -1.0370e-01,
          2.0828e-02, -2.0614e-02, -3.2461e-02, -1.9615e-03, -2.9637e-02,
         -7.9378e-03, -1.1719e-01, -6.8323e-03,  5.0375e-03, -3.2204e-03,
          2.2636e-03,  3.1642e-02, -3.4112e-02, -6.0820e-02,  2.8243e-03,
         -1.3855e-03, -5.6216e-03, -1.2125e-03, -1.4375e-03,  1.4860e-02,
         -6.7141e-04,  7.4006e-03,  1.4646e-01,  9.4856e-02,  4.1739e-02,
         -9.4440e-02, -4.3239e-02, -4.7506e-02, -9.9516e-03, -1.2994e-02,
         -1.8820e-02,  5.9902e-03,  2.1672e-02, -2.0286e-02,  2.3862e-02,
          5.2480e-02, -7.2854e-04,  1.7002e-02, -2.1294e-01,  5.3665e-02,
          1.7751e-01,  4.1918e-03, -5.3198e-03,  6.2979e-02,  1.2163e-02,
          6.8629e-02,  5.0014e-03,  5.4960e-02, -3.6758e-03,  9.1548e-03,
          4.4462e-03,  6.1407e-03,  1.0561e-03, -1.4626e-03, -1.6912e-02,
         -6.0833e-02, -2.6050e-02,  5.2636e-02, -2.4444e-02,  1.4087e-04,
         -9.2826e-04, -2.0585e-03,  1.3702e-01,  5.4768e-04, -1.0324e-02,
         -7.3190e-02,  3.4933e-02,  1.5488e-02, -8.6495e-03,  3.0263e-03,
         -2.9873e-04, -1.5174e-02,  1.5171e-02, -2.3178e-01, -1.5089e-01,
         -1.0596e-02, -6.6414e-04,  6.5415e-03,  5.7918e-02, -4.6235e-02,
         -4.9939e-02,  5.9884e-02, -1.8579e-02, -7.0436e-03, -1.8765e-02,
         -2.1386e-03, -1.8396e-02,  2.5775e-03,  4.8974e-02, -2.5236e-02,
         -2.7466e-03,  1.3928e-02,  8.8347e-02, -6.3437e-03, -1.2177e-02,
          3.5740e-03,  1.1003e-02, -3.5070e-02, -5.2904e-04, -2.2683e-03,
         -3.8512e-04,  1.5540e-03,  1.9022e-02,  4.0404e-03, -3.6617e-02,
         -2.8301e-03, -9.8960e-02, -9.3242e-03, -1.4562e-01,  5.5344e-02,
         -1.4460e-02, -1.3166e-01,  7.7360e-04,  3.4511e-03, -1.5603e-01,
          9.0050e-02,  2.0434e-02,  2.1553e-02,  1.2025e-01, -1.8586e-02,
          1.8627e-02,  5.1967e-04,  1.0156e-02, -2.0956e-01, -1.9305e-03,
         -1.5062e-02, -4.4338e-03,  3.3213e-03,  7.3611e-04, -6.7454e-02,
         -6.7586e-03, -8.1876e-02,  4.1108e-04, -2.1953e-02, -1.8124e-01,
          5.5438e-03,  3.9401e-03,  1.0531e-01, -1.8931e-02,  1.8771e-03,
          2.1879e-01, -2.1395e-03, -1.1375e-03, -1.6578e-02, -8.3125e-03,
         -8.2810e-03, -5.0053e-02,  2.4741e-02,  5.1887e-04, -2.8130e-02,
          9.0644e-04,  5.0785e-02, -5.7192e-03,  7.1172e-02, -1.1138e-01,
         -1.5489e-02,  1.7304e-02,  6.5581e-03, -6.0437e-02, -8.2510e-04,
          9.8386e-03,  3.0546e-03,  5.8455e-04, -1.7033e-02, -1.9634e-03,
          5.8494e-03,  7.4389e-03,  4.0321e-02, -1.8887e-02,  7.3924e-03,
          2.0322e-02, -8.2132e-03, -2.4018e-02, -5.5505e-03, -3.1696e-03,
          1.1040e-01, -1.3810e-01,  1.4309e-02,  1.2899e-02, -2.1879e-02,
         -3.3964e-02,  6.6937e-03, -2.4710e-03, -1.0363e-02,  5.8143e-03,
         -2.7677e-02,  3.9613e-02, -8.9226e-04,  2.6221e-02, -1.1453e-02,
          8.7871e-02, -7.2651e-04,  1.3679e-02,  2.9672e-01,  1.0221e-03,
          8.5786e-03, -1.6210e-01, -1.6220e-03,  3.8797e-02,  4.7652e-03,
         -1.4886e-03,  1.4747e-01, -6.2246e-03, -1.1103e-01, -5.2347e-03,
          7.7316e-03,  6.8058e-03,  2.7470e-02, -9.2190e-02, -2.0805e-02,
          1.3409e-02,  9.1734e-03, -6.2867e-05, -3.9485e-03,  9.6774e-03,
         -4.4116e-02,  3.3479e-02,  6.6153e-03,  4.2446e-02, -2.7959e-03,
          1.1826e-03, -8.3904e-03,  1.7306e-02, -3.1862e-03,  3.2127e-02,
          1.4200e-01,  1.2212e-02,  7.3257e-03, -1.7365e-01, -2.1455e-03,
         -3.8779e-02,  1.0383e-02, -8.5914e-02, -1.8535e-02,  1.7284e-02,
          1.5007e-01, -1.4061e-01,  2.4573e-03, -1.7808e-02, -4.0371e-03,
          6.6066e-03, -1.1581e-01, -8.3269e-03,  2.2871e-03,  3.0895e-02,
         -1.0240e-02, -3.2179e-03, -2.6504e-03, -1.2367e-01, -1.0707e-01,
         -4.2382e-02, -1.0166e-02,  2.9884e-03,  8.0248e-03,  3.5669e-01,
         -1.1050e-02, -9.5811e-03,  4.5839e-02,  2.7700e-02, -3.0795e-03,
          5.0180e-03,  1.0792e-02,  3.1021e-02,  3.5117e-02,  7.4843e-02,
         -1.0142e-02, -1.7419e-02, -1.9477e-01, -1.5857e-01, -1.8850e-02,
          3.8294e-03, -8.8083e-02, -1.2467e-03,  2.7317e-02,  1.2126e-02,
          1.0690e-01,  9.6767e-03,  4.8154e-04,  5.1170e-03, -1.6663e-02,
         -5.9788e-03, -8.4534e-03,  9.6730e-03, -5.5191e-02, -1.1316e-01,
          2.4219e-02, -8.8720e-04,  5.4628e-02,  1.3975e-02, -3.8408e-03,
          4.0637e-03, -2.2041e-01,  1.0686e-03, -1.1574e-01,  1.4838e-01,
          5.1662e-04,  4.8964e-03,  1.2363e-03, -1.2844e-03, -2.3971e-03,
          6.5220e-02, -1.8815e-03, -9.0338e-03,  1.3160e-02,  1.4327e-04,
          8.7928e-03, -7.7630e-02,  2.4222e-03,  7.5294e-03,  2.2083e-02,
          3.7336e-02,  5.8888e-03, -2.7553e-02, -1.0117e-02,  1.4928e-02,
          3.5741e-02,  8.1772e-03, -1.1621e-02,  4.1394e-03,  9.6127e-02,
          3.8980e-02, -3.2433e-02,  1.6578e-01, -1.6973e-02, -8.0724e-02,
         -8.5909e-03, -1.2935e-01,  4.3496e-02,  6.5696e-04,  3.2412e-02,
          6.7986e-02,  2.2077e-04, -1.7002e-02,  2.2484e-01,  5.3471e-03,
         -1.5821e-03,  3.2297e-03, -1.1667e-02,  5.7423e-03, -1.2130e-02,
         -1.0016e-02,  6.1323e-02, -4.3971e-04,  1.4357e-02,  4.6076e-03,
          9.1484e-03,  9.1747e-03, -1.3774e-03, -4.1479e-03, -9.7486e-02,
         -1.3753e-04,  1.6008e-02, -1.2590e-02, -1.1357e-03,  9.6924e-03,
         -1.4373e-02,  8.1986e-03, -1.9549e-01,  4.4058e-02, -1.4800e-01,
          2.0090e-02,  1.5555e-02,  1.8785e-03, -1.4309e-02,  1.4128e-02,
          8.4670e-03, -3.3377e-03,  8.2236e-06, -1.4400e-01,  3.5176e-03,
          1.2500e-02,  1.1221e-02, -5.1012e-03, -2.1671e-03, -4.0828e-03,
         -2.3161e-02,  2.8613e-04,  4.8253e-03,  6.0463e-04, -3.0781e-03,
          3.2468e-02,  1.1805e-02,  1.4228e-02, -1.5249e-02, -4.7544e-03,
          7.3856e-03, -1.0329e-01,  5.4220e-03, -5.1676e-03,  1.5168e-02,
         -1.2493e-02, -2.8770e-02,  2.5520e-03,  8.2960e-03,  1.4863e-02,
          1.6455e-03,  1.4199e-03, -1.7453e-02,  2.1867e-02,  3.9723e-02,
         -2.3363e-02,  1.0078e-02,  5.5417e-02, -1.4418e-02,  6.2045e-02,
         -4.3004e-02,  2.7980e-02, -1.8219e-03,  1.5777e-02,  3.4009e-02,
         -1.7510e-03,  3.0664e-03, -5.4023e-03, -5.9171e-02,  5.5773e-03,
          3.8085e-02,  3.4176e-02,  8.1212e-01,  1.3960e-02,  3.9151e-02,
          4.6183e-03,  5.2000e-02,  1.1864e-01, -4.4318e-03, -2.0221e-02,
          5.2247e-02, -2.1917e-03, -1.1456e-02, -6.1797e-04, -1.4771e-01,
          1.6035e-02,  1.5661e-03, -1.3510e-01,  1.6260e-02,  9.9351e-03,
         -7.4760e-02,  1.4427e-01, -5.0754e-03,  3.9702e-04,  9.7859e-03,
          2.4726e-03, -7.6299e-02, -9.6279e-02, -5.5159e-02,  1.2172e-02,
          4.7886e-03,  5.6152e-03,  8.9165e-02,  6.0685e-03, -2.9510e-02,
          4.6615e-03,  3.4281e-03,  8.4767e-03,  2.2211e-01,  1.5339e-02,
          6.1232e-02,  2.6783e-02, -4.0813e-03, -6.6924e-03, -2.1943e-02,
          8.9823e-03, -1.2453e-02,  1.7953e-02, -8.7368e-05,  1.6210e-02,
         -3.6812e-02, -1.8120e-01,  1.2438e-03,  3.9488e-03,  2.1728e-02,
         -9.8880e-04, -3.5863e-03, -1.2749e-02,  9.9408e-03,  7.1974e-02,
          1.5470e-03,  1.5085e-01,  1.1928e-03, -5.4595e-02, -1.0337e-01,
          7.2059e-02,  6.0447e-03,  1.3102e-03, -2.2905e-01, -8.7550e-02,
          3.7166e-03, -1.3124e-02, -6.6730e-03,  3.0143e-03,  8.2504e-04,
         -5.6441e-02, -4.2016e-02,  2.4725e-02,  2.0965e-02, -5.8325e-02,
          5.5794e-02,  9.4699e-03, -9.8771e-02,  1.8320e-01, -2.2350e-03,
          3.3800e-02, -6.5126e-03, -1.6776e-01,  1.9356e-02,  3.7316e-03,
         -7.0909e-03, -1.7014e-02, -1.5958e-01, -6.0968e-03,  1.7215e-01,
         -1.5468e-02,  2.6889e-02,  1.2230e-02,  2.9930e-02,  1.5854e-01,
         -1.2835e-01, -3.3990e-02,  6.1188e-02, -7.6529e-02, -5.8767e-02,
          6.8296e-03,  3.2022e-03,  1.1329e-02,  1.3101e-02, -1.1731e-01,
          1.9093e-03, -2.8168e-02,  1.0209e-03,  6.6250e-02,  1.1003e-02,
          4.3037e-05, -5.2999e-05,  1.5804e-02, -8.2831e-03,  8.4903e-03,
         -8.6444e-03,  2.3238e-03,  2.3863e-02,  4.0126e-03, -6.1416e-04,
         -1.7519e-03, -7.4839e-03, -3.2412e-02, -2.2634e-01,  3.7015e-03,
         -3.3965e-03, -6.7330e-03,  2.1065e-02,  1.1110e-02, -2.1413e-04,
         -1.1127e-03,  1.1069e-02,  1.0245e-02, -3.3791e-03, -1.4629e-02,
          1.4994e-02, -1.7045e-02, -1.5305e-01,  1.5445e-02, -1.4868e-01,
          9.2352e-03,  1.4075e-02, -7.3061e-03,  2.5447e-03, -4.4552e-03,
          2.7905e-03, -6.8438e-02,  2.8296e-02,  3.1065e-02,  3.8362e-03,
          3.0579e-03,  5.7603e-03,  2.3882e-01,  2.5815e-02, -2.6092e-03,
         -1.9814e-02,  3.4950e-02,  3.7012e-03,  1.0783e-02, -5.0002e-02,
         -5.3822e-03,  6.3618e-03,  1.0469e-01, -5.3478e-03,  2.3143e-03,
         -8.5125e-04,  5.5880e-03,  1.2768e-02,  1.1284e-02,  5.6898e-03,
         -1.6560e-01, -2.0069e-02, -4.0529e-03,  4.8902e-03,  7.2162e-03,
          6.5292e-03, -2.4538e-02, -1.1888e-01,  1.0868e-02,  2.0490e-02,
         -3.8932e-03,  1.6336e-04, -8.5972e-02,  1.9226e-02,  7.1633e-03,
         -1.5976e-01, -1.3730e-01,  1.6821e-01,  9.3333e-02, -1.3136e-01,
          1.4931e-01, -1.0892e-01, -5.5865e-04,  7.4892e-03,  5.4075e-02,
          1.3419e-02,  4.1782e-03, -2.6665e-03,  6.6676e-03, -7.7687e-02,
          2.1607e-01, -5.7906e-03,  3.9700e-03,  3.0773e-03, -4.4202e-04,
         -1.0285e-02,  5.8256e-05, -1.7465e-02, -1.2661e-01,  1.0329e-01,
         -2.5155e-03, -1.2713e-02,  1.2315e-02,  2.4767e-01,  5.7400e-02,
          1.7721e-01, -5.9032e-03,  1.9221e-01,  5.7380e-02,  6.8377e-03,
          5.7045e-02,  2.5785e-02,  2.9896e-02,  5.8931e-04, -1.7957e-01,
          2.2747e-03, -2.8609e-03,  1.7627e-02, -1.9705e-02, -4.0746e-03,
          1.6257e-02, -4.0142e-03, -2.4308e-03, -9.9783e-02,  6.5382e-02,
          1.2683e-01,  7.5903e-03, -7.9919e-03,  1.6748e-02, -2.5742e-03,
          9.4703e-04, -2.0653e-02, -5.4514e-03, -1.1524e-01, -8.5368e-03,
         -8.5723e-04, -7.3838e-03, -1.7023e-01, -7.6532e-03,  6.8480e-03,
          1.3194e-02, -4.4941e-02,  7.7828e-02,  1.3349e-02,  5.3695e-03,
         -5.1521e-03,  7.0246e-03,  2.7634e-03,  1.1602e-01, -4.8057e-04,
          2.4374e-03,  5.5127e-03, -1.0416e-01,  2.6905e-04,  4.0379e-03,
          7.5200e-04,  2.0833e-02,  1.2541e-03, -9.3407e-03,  1.1118e-02,
          1.7831e-02, -1.1568e-01, -1.2877e-01, -3.4742e-05,  1.0613e-01,
          3.2489e-03,  2.4796e-02, -1.8016e-01,  2.7405e-03,  4.8019e-02,
         -5.5886e-02, -2.5541e-03,  4.9567e-03,  9.5682e-03,  9.3343e-03,
          8.2253e-03,  4.7920e-03, -2.0557e-03,  1.0689e-02, -6.3079e-02,
         -3.1479e-03,  3.1826e-03,  1.1445e-03,  8.8680e-03,  1.2480e-02,
         -1.1337e-01,  1.1021e-02,  7.5583e-03, -6.8085e-02,  2.5069e-02,
          8.4474e-03, -1.8040e-02,  6.6372e-02, -2.7448e-03, -1.8332e-01,
          1.9822e-01,  6.7824e-02,  5.2969e-03, -2.6315e-03,  5.4821e-02,
         -5.5240e-04,  1.9879e-02,  5.2485e-03,  3.5630e-02, -2.0557e-03,
         -2.9083e-03,  6.0469e-03, -1.9517e-03,  1.6207e-02, -9.3182e-02,
         -2.1254e-02,  2.2533e-02,  8.0828e-04,  8.7529e-03, -2.0038e-02,
         -1.7607e-02,  2.6901e-03,  4.3606e-04,  4.6796e-03,  3.7417e-03,
          1.1047e-01,  1.0900e-01, -2.2091e-02, -1.5721e-03, -1.6774e-02,
         -3.4598e-03, -1.7094e-02, -4.8634e-03,  9.4916e-02, -6.7041e-02,
         -1.1501e-03,  5.0854e-03, -8.8924e-02, -2.1937e-02, -4.2211e-02,
         -8.2788e-02,  8.4551e-03, -7.1054e-03,  1.6518e-01,  8.6003e-03,
          1.1492e-02,  8.1592e-03, -2.1439e-02,  2.9124e-02, -2.8212e-03,
          8.8657e-03, -1.8981e-02,  3.6017e-02,  8.7718e-02, -8.5302e-03,
          1.1261e-02,  1.0048e-03,  2.6125e-03,  4.1204e-03, -8.4648e-03,
         -7.1063e-02, -2.8092e-02,  3.6497e-02, -2.7830e-03, -1.3276e-02,
         -5.5632e-02,  5.2311e-02, -1.6273e-01, -4.8063e-03,  5.0662e-02,
          1.2633e-02, -3.1292e-03, -1.5093e-01, -8.9251e-04, -6.2007e-03,
          3.7977e-03,  1.7079e-03, -1.0333e-02,  8.5935e-03, -1.6175e-01,
          1.5502e-03, -5.5574e-03,  6.0358e-03,  1.2341e-02, -1.7781e-02,
          3.9632e-02, -9.5728e-02,  5.3036e-02,  1.2757e-02,  3.1346e-02,
         -4.3159e-03,  2.3669e-02,  5.2139e-04,  1.8576e-02,  1.2342e-02,
          5.6251e-03,  2.6566e-02, -1.3733e-02,  2.1047e-02,  5.2132e-02,
         -1.3471e-01, -1.3806e-02,  3.3658e-01, -3.6904e-03,  5.6885e-03,
         -1.3572e-02, -6.9813e-03,  5.5921e-05, -5.2970e-03, -3.8034e-02,
          3.2594e-03, -1.4235e-01,  3.2969e-05,  3.0455e-03,  1.6176e-02,
         -6.9386e-02, -7.4963e-03,  9.5971e-03, -1.8637e-02, -3.9940e-03,
          8.5268e-03, -5.3167e-03, -7.8964e-02, -1.1712e-03,  1.9956e-02,
         -4.0544e-02, -1.8613e-02,  1.6583e-02,  3.2953e-03,  1.2130e-01,
         -4.1483e-03,  7.4181e-02,  1.6344e-02, -8.9050e-03,  9.7249e-02,
         -3.3439e-03,  6.9159e-03,  8.7761e-03, -1.1770e-01,  2.7103e-03,
         -2.9196e-03,  1.4679e-02, -5.5771e-03,  1.4142e-02,  2.9736e-02,
          1.4944e-02,  3.3120e-03,  2.8371e-01,  8.6970e-02, -6.0907e-04,
         -2.9249e-04, -8.5786e-04,  3.3901e-02, -1.8443e-02, -2.0084e-03,
         -1.2027e-01,  2.6427e-03, -2.4061e-02, -5.5555e-03,  1.4034e-01,
         -1.4313e-02,  1.2990e-01, -2.4747e-02,  1.6764e-03, -6.7133e-03,
         -2.3071e-01, -2.0419e-02, -5.2354e-02,  6.5144e-02,  2.2577e-02,
         -1.0384e-02,  7.2167e-02, -2.9882e-02, -1.3210e-01,  1.3558e-02,
          9.7155e-03, -1.2300e-02,  6.1407e-03,  2.8876e-03, -9.9057e-02,
          6.7668e-03,  6.4944e-02, -2.1052e-03,  2.1856e-02, -1.1138e-02,
          7.5416e-03, -1.1394e-01,  2.4835e-02, -6.0847e-06,  1.3336e-03,
         -6.7486e-03, -3.8918e-02, -2.9115e-03,  2.5730e-01, -3.5904e-03,
          1.1190e-02,  2.6333e-03,  7.0194e-03,  9.3606e-03, -7.3051e-02,
         -8.8507e-03, -7.9756e-04, -2.0862e-03, -5.2367e-03,  4.4852e-03,
         -1.0845e-04, -1.3459e-04,  1.1539e-03,  2.0771e-03, -6.7482e-02,
          2.0262e-02,  4.7834e-02,  2.5457e-03, -6.5735e-02, -1.3053e-01,
         -2.2464e-02,  1.1984e-02,  3.5902e-03,  2.8085e-02,  7.1739e-02,
         -5.7234e-03, -8.5853e-03, -1.6988e-02,  7.9450e-03,  1.2470e-01,
          6.3440e-03,  1.3473e-01,  1.2281e-03, -1.1925e-02,  2.8054e-02,
          2.1970e-03,  2.7941e-02, -1.2406e-01,  3.9638e-03, -4.6198e-02,
          2.7125e-02, -3.9105e-03,  3.5677e-03,  1.5232e-01,  1.5648e-02,
         -6.9616e-03,  4.4830e-03,  8.3715e-03,  5.6477e-04,  6.1885e-03,
         -1.2201e-03, -9.5575e-02, -3.3591e-03, -2.4968e-01,  6.4097e-03,
         -6.4522e-02, -1.6666e-02,  6.8352e-04,  1.6877e-02,  7.8698e-03,
          6.4742e-02, -8.6367e-03, -9.5062e-03, -1.9433e-02, -1.8002e-03,
          5.9441e-03,  1.6985e-02,  1.9391e-02, -1.8627e-03, -1.0102e-01,
          8.6100e-03,  9.4258e-03, -8.5274e-02,  2.3756e-05, -2.4098e-03,
         -5.6280e-03,  2.5865e-01,  1.8174e-01,  1.7664e-02, -5.8278e-03,
         -4.4455e-02,  1.2787e-03,  1.5443e-02, -2.3197e-02,  1.3406e-02,
         -7.1489e-03,  6.3064e-03, -2.1657e-02,  2.8693e-03,  6.3094e-03,
         -4.4841e-02, -6.0391e-02,  1.3165e-01, -6.2342e-04, -1.0783e-02,
          4.0032e-02,  7.0359e-02,  7.4786e-03,  1.9804e-02,  4.3208e-03,
          3.6033e-02, -1.2276e-02,  4.7155e-02, -4.4361e-02,  5.9765e-04,
          9.9463e-03,  7.6002e-03,  5.2174e-04,  9.4743e-03, -3.0910e-02,
          5.1186e-02, -5.7800e-03,  4.4149e-03,  5.9792e-03, -1.2042e-01,
          1.3415e-02, -1.3646e-03, -9.2004e-04,  1.7392e-02,  5.7892e-03,
          3.5492e-03, -2.4597e-04, -8.8176e-02, -2.6677e-02,  3.6668e-03,
         -3.4231e-03,  1.6210e-02,  1.9712e-01, -1.6551e-03,  4.7452e-03,
         -1.2973e-03, -2.9583e-03, -1.3912e-02, -4.2245e-03,  7.4593e-02,
          1.1023e-03,  1.4162e-02,  4.3891e-03,  1.3125e-02,  6.3800e-03,
          3.3053e-03,  5.7086e-03, -8.2186e-01,  7.2100e-02, -1.0183e-03,
          9.3399e-03, -2.9846e-02,  1.3590e-01,  3.7151e-03,  1.3901e-02,
         -1.8477e-01, -2.9480e-02, -2.9809e-02, -2.3536e-01,  6.6786e-03,
         -4.8124e-02,  1.3233e-03,  2.5249e-02,  3.3253e-02,  3.6610e-03,
          7.4878e-03, -5.4981e-03,  2.7281e-03,  1.3102e-02,  1.8121e-03,
         -1.2258e-02,  6.9276e-03,  1.2776e-01, -2.2129e-03,  2.4984e-02,
          6.2679e-02, -6.2826e-03, -1.9513e-01, -4.8885e-02,  5.0031e-03,
         -3.6120e-03, -2.1872e-02,  3.9478e-03,  1.4149e-02, -2.7272e-04,
          4.9480e-03,  7.4677e-02, -6.5789e-03, -1.5804e-01,  2.0601e-02,
          6.1058e-02,  2.5913e-02, -6.5775e-03, -3.0410e-03,  6.2957e-03,
          3.8075e-02,  1.3292e-02,  5.1308e-03,  9.7603e-03, -1.2668e-02,
         -1.4566e-01, -4.7812e-02,  1.4836e-02,  3.1633e-03, -7.1288e-03,
          1.2121e-02, -1.2391e-02, -1.2107e-02,  1.5244e-02, -1.8493e-02,
         -9.9408e-04,  1.5982e-02, -5.4792e-02, -6.4305e-03,  7.0343e-02,
         -6.8353e-04,  1.5747e-02,  1.2431e-03, -3.5707e-02,  3.1263e-03,
         -8.2850e-04,  3.6157e-02,  3.7231e-03, -8.5681e-02,  2.3684e-03,
         -1.2922e-01,  1.1862e-02,  1.3042e-02,  1.8891e-02,  3.9784e-04,
          1.3584e-03,  5.0685e-02,  7.1509e-03,  2.9130e-02, -3.8219e-05,
          1.1856e-03, -3.9735e-03, -1.6251e-02,  1.4054e-02,  1.5516e-01,
          3.8895e-03, -4.2501e-02,  1.1193e-01,  1.4834e-02, -1.6937e-02,
          2.9618e-03,  1.4419e-02, -9.0641e-02, -1.3477e-02,  4.1996e-03,
         -2.3755e-02, -4.7718e-02, -1.3639e-01,  3.8755e-02, -1.6721e-02,
          4.2130e-02,  2.0266e-03,  3.4218e-02, -2.1436e-03,  1.3121e-01,
          2.2323e-02,  3.1788e-01, -1.4083e-01, -1.9191e-01,  1.6565e-01,
          5.7728e-03,  8.4092e-03,  7.8264e-02,  2.5027e-02, -3.4513e-02,
         -7.8075e-03, -8.4048e-02, -4.8999e-03,  2.7680e-01,  9.9418e-03,
         -2.2651e-02,  9.3950e-03, -8.5967e-02,  1.3596e-02, -6.6024e-02,
         -9.6984e-03,  1.5136e-02,  1.1962e-02, -1.4932e-02, -9.7965e-02,
          5.6512e-03,  8.9053e-03, -1.2929e-01, -9.9758e-02,  3.6419e-02,
          3.5352e-02,  4.5399e-02, -1.3128e-02, -4.6272e-03, -8.5153e-04,
         -1.8634e-01, -9.0666e-03, -5.0295e-03, -3.1557e-03,  2.6205e-03,
         -8.9073e-03, -2.4345e-02, -2.0432e-02, -5.5897e-03, -3.0663e-01,
         -5.1254e-03,  4.5434e-04, -1.2093e-04,  1.9481e-03,  1.9517e-02,
          4.9772e-03, -9.6294e-03, -5.2713e-03,  1.0069e-01,  6.4366e-02,
          4.6270e-03, -9.0332e-03,  1.3933e-02, -1.1099e-02,  1.4474e-02,
         -5.5743e-02,  1.3706e-01, -2.7435e-01, -2.4999e-03, -1.4671e-03,
          6.5789e-03, -6.7291e-02, -5.8337e-03, -5.3161e-03,  2.7384e-03,
          4.7011e-02, -3.0026e-02,  5.3897e-03,  4.1823e-02, -1.7598e-02,
         -1.6883e-02, -1.1697e-02, -4.8599e-02,  1.1405e-02,  2.7481e-04,
          1.9436e-02, -1.5556e-02,  4.5241e-02,  4.4188e-03, -2.1309e-02,
          2.0528e-02,  2.7371e-03, -6.6841e-03, -4.5203e-02,  3.9995e-03,
          2.7999e-03,  1.1463e-01,  4.6993e-02, -2.4240e-02,  6.3438e-02,
          4.2185e-02, -6.3741e-03,  4.9759e-02,  8.2060e-03,  2.6249e-03,
         -1.3862e-03,  3.0085e-03,  9.2597e-03,  2.5556e-02, -1.7645e-02,
         -1.0621e-03, -1.9679e-01, -8.8878e-03, -1.4264e-03,  7.4646e-03,
          9.0706e-03,  9.6849e-03,  4.2749e-03,  5.5292e-02, -3.0762e-02,
         -2.6065e-03,  1.5296e-02, -1.1837e-01,  4.8328e-03,  3.4475e-02,
          1.8477e-02,  5.3898e-03,  1.3253e-03, -1.3704e-02, -1.2988e-03,
         -2.1951e-03, -1.5688e-01,  7.4973e-03,  1.1396e-02,  8.2908e-02,
         -9.1463e-03,  2.1439e-02, -2.4441e-02, -1.2714e-03,  2.6694e-02,
          3.8834e-02,  7.5350e-02, -9.4486e-03, -1.3689e-02,  7.7371e-03,
         -3.0826e-02,  8.2346e-03,  2.6057e-02, -1.7375e-02,  3.2738e-03,
          1.4972e-01, -2.1582e-03,  7.1919e-03, -7.0247e-02,  3.4655e-02,
          8.8602e-02,  3.2937e-02,  1.2900e-02,  6.6369e-02, -3.7316e-03,
         -2.1832e-02,  8.6159e-02,  1.8334e-02, -9.4570e-03,  6.9840e-02,
         -1.3970e-01,  1.1011e-01,  2.8055e-03, -6.9760e-04,  2.2393e-04,
         -6.3798e-02, -3.8085e-02,  8.6888e-03, -5.8245e-02,  2.8598e-03,
          1.3854e-02, -3.3571e-01,  1.1621e-02,  2.2075e-03, -2.5380e-03,
         -1.2537e-02,  3.3408e-02,  1.2364e-02, -1.5151e-01, -1.3235e-03,
         -1.5795e-02, -1.0180e-01,  6.5593e-02,  2.9226e-02,  2.4828e-02,
          1.1550e-02,  4.7442e-03,  1.7045e-02, -4.8011e-03,  2.2356e-01,
         -9.5407e-03, -1.2796e-04, -1.3286e-03,  3.9994e-03,  3.2958e-02,
          4.6214e-02,  4.0336e-02, -1.2906e-01,  1.2009e-02,  2.3681e-03,
         -3.4247e-02,  8.1951e-03,  9.8503e-02,  1.3023e-02,  7.6070e-04,
          3.1289e-03,  3.5803e-02, -1.5432e-01,  6.6077e-04,  6.8995e-03,
          6.2196e-02,  1.3042e-02, -1.4742e-03,  5.6207e-03,  1.2568e-01,
         -1.5833e-02,  1.2605e-01, -2.7777e-03,  3.1043e-03,  2.5415e-02,
         -1.8228e-02, -8.1370e-02,  9.6273e-02, -2.1018e-02,  2.0538e-02,
         -1.2126e-02, -2.5519e-03,  3.9079e-03,  2.3355e-02,  1.3592e-03,
          1.1089e-02,  1.8646e-02, -1.5581e-01, -8.8738e-02,  3.5962e-02,
          5.1283e-03,  3.0107e-02, -8.8949e-03,  2.1805e-03,  1.9866e-02,
         -9.4154e-02,  1.3649e-02,  2.0799e-02,  1.4613e-02, -2.4444e-02,
         -3.3941e-03, -6.0170e-03,  4.8898e-03, -6.1557e-03,  5.0291e-02,
         -1.3171e-02, -4.9118e-02, -3.9083e-03,  5.8299e-03,  5.0640e-02,
          3.1549e-01,  1.7449e-02, -7.4758e-03, -5.8720e-03, -7.4621e-03,
         -9.2009e-03, -3.2299e-03, -8.0512e-02, -1.2129e-01,  9.8359e-03,
          3.7566e-02,  1.4669e-03,  6.7440e-03, -5.3357e-03,  1.3804e-01,
         -1.1535e-01,  3.0538e-03,  1.2659e-01, -2.5337e-02, -4.7635e-04,
         -1.6997e-02,  2.2482e-01,  9.7781e-02,  1.0158e-01, -8.4776e-03,
          7.5306e-03, -9.1657e-03, -5.6278e-02,  9.5631e-03, -2.1068e-03,
         -1.0605e-02, -2.1351e-03,  3.5135e-04,  9.2793e-02,  6.2546e-03,
          1.9816e-02, -6.4403e-04,  7.9930e-03,  3.8615e-01, -1.8735e-02,
         -9.5920e-03,  1.5069e-03, -2.8512e-03,  8.1162e-02, -2.4285e-03,
         -9.1277e-03, -1.7857e-02, -6.0288e-02, -5.8567e-02, -1.3782e-02,
          1.3436e-02, -5.3847e-02, -7.0335e-03,  2.3423e-03,  5.4779e-04,
          1.0234e-02,  6.5212e-02, -1.1920e-02,  1.1566e-01, -6.0096e-03,
          3.5262e-02, -3.2676e-03, -1.5325e-03, -5.8748e-03, -6.5713e-03,
          9.6202e-03, -1.1564e-01,  8.8293e-02,  9.4523e-03,  7.5505e-03,
         -8.7623e-02,  7.6361e-02,  9.2692e-03,  1.6211e-02, -1.1706e-01,
          1.0651e-02,  1.2948e-02,  1.1278e-02,  7.0163e-03, -8.6759e-03,
          2.9381e-01, -6.3804e-03,  1.3265e-01, -4.9159e-02, -4.2985e-03,
         -2.1271e-02,  1.5732e-02, -3.2162e-02,  5.0630e-03,  2.2685e-03,
         -2.0960e-02,  1.5450e-01,  8.0905e-03, -2.0702e-02, -1.2254e-02,
         -9.1469e-02,  1.3963e-02, -3.8586e-02, -1.9859e-02, -2.3139e-01,
          1.2397e-02, -4.2125e-03, -1.9495e-02,  2.5934e-03,  1.2047e-02,
          7.5539e-03,  7.4634e-02, -6.7812e-02, -6.2715e-04,  1.3396e-02,
          9.2734e-02,  3.6424e-03,  1.5959e-01, -7.8223e-02, -9.5706e-02,
         -7.5780e-03,  4.2452e-03, -2.0244e-02,  4.9541e-03,  4.2206e-02,
         -1.7652e-02,  1.9833e-02,  5.2389e-02, -1.9148e-01, -4.4681e-03,
          6.0364e-02, -6.5347e-02, -1.4969e-02,  1.1024e-02, -5.4796e-03,
         -3.1195e-03, -6.2592e-03,  4.0852e-03, -1.9956e-02, -1.1020e-01,
          3.9174e-03, -7.9948e-02,  9.9275e-04,  6.8908e-03, -1.1945e-02,
          8.5972e-03, -1.6824e-03,  1.4784e-03,  1.2409e-03,  9.6963e-04,
         -7.5241e-03,  2.7549e-03,  1.5124e-01,  3.0147e-03, -1.9576e-02,
          1.0326e-02,  1.7469e-01,  8.4296e-04,  2.8388e-04,  1.9311e-03,
         -2.3541e-03,  2.1518e-02,  3.1694e-02,  1.5951e-02, -9.3814e-04,
          3.5797e-03,  5.2959e-03,  7.1898e-03,  4.7080e-02,  8.1924e-03,
         -1.3789e-02,  1.2538e-02,  1.2230e-03,  1.9642e-02,  1.2086e-01,
          2.0641e-01,  4.0771e-02, -4.0704e-03, -9.0894e-03,  1.2408e-01,
          6.7759e-02, -1.6138e-02, -1.4319e-01, -6.1622e-03,  1.5624e-02,
          6.2390e-03,  2.5390e-02,  1.2909e-03,  2.0345e-02, -4.8713e-03,
          1.5943e-02,  9.6889e-03,  1.5192e-03,  1.2055e-02, -5.5373e-03,
         -5.6867e-04, -6.8884e-03, -9.1390e-03,  5.3535e-02, -1.8026e-02,
          7.6086e-03,  6.9306e-03, -1.6624e-02,  8.1808e-03,  6.9081e-02,
          5.7957e-02, -2.6857e-03, -1.9224e-02,  5.8946e-02, -1.1913e-01,
          8.0506e-03,  1.9601e-01,  3.6020e-01, -2.1134e-03, -1.6157e-01,
         -3.2088e-03, -2.1965e-01, -4.0809e-01,  1.2971e-02,  3.2974e-03,
          1.9304e-02,  9.8295e-03,  1.0571e-01,  1.1714e-03,  1.5450e-02,
          3.3402e-03, -2.2009e-02, -2.8943e-02,  3.8802e-03, -2.1227e-02,
          2.3777e-02, -2.0983e-02,  1.1576e-02,  2.2862e-02,  4.4936e-03,
         -5.4622e-02, -5.9840e-03,  3.7696e-02, -1.1240e-02,  6.1419e-02,
         -1.0632e-02,  5.4558e-02, -6.1297e-03,  5.2762e-02,  1.1698e-02,
          1.5187e-01,  8.4786e-03,  1.0197e-02,  3.7916e-03,  6.1704e-03,
         -7.0519e-02,  2.9463e-03, -2.4762e-04, -1.8309e-02, -1.8567e-02,
          4.1769e-02,  5.3173e-04,  1.6279e-02],
        [-1.4659e-02,  3.5062e-02,  1.1506e-02,  3.7261e-03,  5.9270e-02,
         -5.8106e-03,  1.2087e-02, -2.9914e-03,  1.4346e-02,  5.6633e-01,
          1.9375e-02, -1.4799e-02,  8.2006e-03,  9.0158e-04,  1.4658e-02,
          1.7885e-01, -6.0328e-03, -7.4549e-02,  1.0525e-02, -3.7922e-03,
          1.6134e-02, -1.4796e-02,  4.1141e-02, -7.7251e-02,  9.3297e-02,
          3.6834e-02, -1.0019e-01, -1.1193e-02,  1.6862e-01, -7.2147e-02,
         -3.6108e-02,  5.7434e-02, -3.7640e-04,  7.4151e-02,  2.0710e-02,
          1.7858e-03, -2.7336e-02,  1.0287e-01,  1.8465e-03,  2.2209e-02,
         -3.6889e-02, -2.9345e-01, -5.8001e-02, -1.8886e-02,  1.9254e-01,
         -8.4003e-03, -1.0371e-03, -1.0885e-03, -1.4620e-02,  1.4212e-03,
         -1.1430e-02,  2.5358e-02, -4.8660e-03,  1.7993e-02,  3.9107e-03,
          1.7527e-02,  1.2786e-02,  5.6965e-03,  1.1833e-02,  4.9250e-03,
          2.9089e-04,  3.3685e-03, -4.6495e-02, -1.3417e-02, -4.7168e-03,
          1.8292e-02, -3.4372e-02,  4.0743e-03,  1.0916e-02, -3.5973e-03,
          2.2233e-04, -1.2777e-01,  3.8682e-02,  3.8487e-03,  7.3468e-03,
          1.3986e-02,  6.4436e-03, -4.9381e-02,  1.4288e-02,  5.6026e-02,
         -2.3769e-01,  6.2395e-03,  1.0324e-02, -2.3963e-03, -2.9265e-02,
         -3.0484e-03,  1.5132e-03, -1.6310e-02,  1.7149e-01, -1.0863e-02,
          4.0121e-02,  4.0119e-02, -5.1712e-04, -7.5511e-03,  5.8541e-03,
         -5.8046e-02,  1.1583e-02, -8.5901e-03, -4.9107e-02,  3.1211e-03,
         -1.1972e-02, -1.6231e-02,  2.1180e-03,  9.2314e-03,  2.6346e-02,
         -2.6632e-01,  8.1280e-03,  6.5596e-02,  4.4402e-03, -1.3210e-01,
          4.3460e-03,  9.9020e-03,  6.6703e-02, -5.7809e-02,  6.2249e-02,
          5.5062e-03, -3.0349e-03,  4.6902e-02, -1.3927e-02, -4.1463e-03,
          4.5742e-03,  2.4964e-03,  2.5877e-01,  2.5456e-03, -2.2883e-04,
          2.7306e-01,  3.5427e-03,  1.6253e-02,  2.1863e-02,  1.8920e-03,
          3.1449e-03, -6.9626e-03, -1.2161e-03,  6.9753e-03,  4.9369e-02,
          7.0797e-03,  7.2617e-03,  2.9889e-03,  2.2160e-03,  1.0144e-02,
          8.7105e-02,  6.8083e-03, -1.0468e-02,  8.5018e-03,  8.1921e-03,
         -2.5577e-01,  4.7425e-02,  7.7193e-03, -6.3563e-03,  1.8899e-02,
          9.5438e-03, -4.5781e-01, -9.1364e-04,  2.9061e-03,  2.2581e-03,
         -1.0047e-03, -7.8216e-03, -3.7585e-03,  5.1149e-05,  1.7495e-03,
          2.3431e-02, -2.5397e-03,  1.3610e-02, -1.7627e-02, -1.4818e-03,
          7.1511e-02, -6.8059e-03, -1.2297e-02,  4.5446e-03,  1.9144e-02,
         -3.1570e-03,  2.0234e-03,  2.7984e-01, -9.4860e-03, -2.5175e-04,
         -7.4004e-03,  3.4988e-04,  2.7861e-02, -4.2791e-03, -1.0468e-02,
         -3.5185e-03, -1.3122e-02, -4.5715e-02, -5.5205e-03, -5.2450e-02,
         -4.6364e-03,  1.7959e-02,  3.3958e-02,  3.4278e-02,  8.3365e-03,
         -4.1095e-02,  1.6202e-02,  2.4370e-02,  1.1603e-02, -8.5418e-02,
          4.9597e-02,  4.3505e-02,  4.6068e-02,  3.3126e-02,  4.4176e-02,
          6.8057e-02, -1.7074e-02, -9.5856e-03, -1.1960e-01, -1.0814e-02,
         -4.9580e-02, -4.0367e-03,  1.1986e-03,  2.9350e-03,  2.5901e-03,
         -1.4883e-02, -4.7525e-02,  3.8003e-03,  8.1497e-03,  6.4785e-03,
         -7.7907e-03, -5.2041e-02,  1.0286e-01,  4.1949e-03,  2.1791e-02,
          2.1301e-03,  3.3675e-02, -6.3891e-02,  7.7248e-03, -2.1248e-01,
         -4.0317e-03,  5.1692e-02,  1.1128e-02,  9.4866e-03, -2.3004e-05,
         -7.3179e-03, -1.8518e-01, -5.8348e-03, -6.1511e-03,  5.6300e-05,
          4.6835e-02,  1.1068e-02, -1.4216e-01,  1.8642e-01, -3.0727e-02,
          3.1238e-02, -1.1962e-02,  2.7460e-01,  6.8205e-03,  1.3517e-01,
          4.3809e-02, -1.0771e-02,  6.9213e-02, -1.1124e-02, -8.3424e-04,
          1.1701e-02,  3.3365e-03,  1.3649e-03, -2.6769e-04,  1.6643e-04,
         -1.2948e-02,  1.5713e-02, -3.6174e-02,  1.8875e-03,  5.0950e-03,
          1.0155e-02, -3.9816e-04, -8.5157e-03, -1.7184e-02,  1.1497e-02,
          5.7248e-03,  8.3519e-03, -9.3278e-04,  1.2530e-02, -2.4039e-02,
         -5.2750e-03, -1.6584e-02, -2.1783e-02, -2.5605e-03,  6.8538e-02,
          8.8284e-02,  1.8487e-02, -7.0701e-02, -4.1382e-02,  3.4278e-02,
         -6.2939e-03,  6.5241e-03, -2.7689e-02,  3.4614e-02,  5.8760e-02,
          9.3663e-02,  1.8623e-02,  1.9963e-03,  3.5247e-03, -2.2083e-03,
          1.5575e-02,  2.1557e-02, -2.3004e-02,  1.3195e-01,  1.6304e-02,
          4.7142e-02,  1.0895e-02, -3.2511e-03,  7.4939e-04,  6.6433e-03,
          2.6585e-02,  1.1198e-02, -8.1291e-03, -2.1164e-03, -3.9071e-03,
         -1.4282e-02, -8.9186e-02,  4.1087e-03, -1.3983e-02,  1.8845e-02,
          2.2610e-02,  8.4873e-02, -5.9454e-02,  4.5871e-02,  1.8414e-03,
          3.9856e-03, -2.5530e-01,  2.0347e-02,  1.2193e-02, -1.7972e-02,
          9.2731e-02, -2.0561e-01,  1.9250e-02,  1.3848e-01, -2.1885e-02,
          3.9571e-03,  1.8777e-03, -2.7435e-02,  6.8258e-03, -5.5263e-03,
          5.1624e-02, -7.1252e-03,  2.0787e-02, -1.3189e-02,  1.8520e-02,
         -2.9202e-03,  1.5004e-02, -9.0635e-02, -1.1795e-02,  5.3282e-02,
          3.1345e-02, -3.6697e-04,  6.0670e-02, -6.0087e-02, -5.3531e-02,
          2.2131e-03,  2.1385e-02, -1.8312e-02, -1.8202e-03,  8.5386e-03,
          1.5992e-02,  4.0600e-02, -1.9278e-02,  2.0012e-02, -3.0834e-03,
         -5.0642e-02,  1.1040e-01,  8.6696e-03,  7.0495e-04,  1.7285e-03,
          1.2403e-02,  6.1321e-02,  2.0017e-01, -4.3270e-02, -6.0855e-02,
         -7.1476e-02,  1.6305e-02, -4.3016e-03,  7.7309e-02, -9.3430e-03,
         -6.0937e-03,  1.0583e-01, -6.0841e-03, -8.4951e-03,  4.8140e-04,
         -7.5503e-03,  3.1304e-02, -4.5121e-03,  6.3250e-02,  5.6865e-03,
         -2.0596e-03, -2.0533e-03, -3.3396e-03,  5.5141e-03,  7.8139e-02,
         -1.3250e-03, -1.7094e-03, -1.3158e-01, -2.6760e-01,  4.1890e-03,
          1.0842e-01,  1.5332e-02, -8.1540e-02, -1.4098e-02,  6.8404e-02,
         -1.1804e-02,  1.2901e-02, -1.8332e-02, -1.2412e-02,  3.9171e-02,
          4.2252e-03, -1.0670e-02, -2.8687e-03,  5.1625e-01,  6.9627e-02,
         -4.0019e-01, -2.4321e-05, -1.5934e-02,  7.4227e-02,  1.8552e-02,
          1.8245e-02, -2.9319e-03, -2.0165e-02, -6.5253e-03,  1.6100e-02,
         -3.3059e-03,  1.0192e-02,  5.3294e-02, -2.4230e-02, -2.3989e-02,
          2.6224e-01, -3.8398e-03, -6.6374e-03, -8.2799e-03,  1.5585e-02,
         -6.8610e-03, -2.5764e-03, -2.2842e-01, -3.6911e-03, -1.0586e-02,
          1.0207e-01,  1.6867e-02,  2.4529e-02,  9.6319e-04,  8.0333e-03,
          2.4028e-03,  2.4320e-02, -1.0497e-02,  3.2277e-01,  3.5241e-03,
         -1.8545e-02,  1.2473e-02,  5.9113e-03, -4.7910e-02,  9.3445e-02,
          6.0831e-02, -1.4660e-02, -4.9417e-03, -2.5039e-02, -2.4787e-02,
         -4.2478e-03, -1.3852e-02,  2.4059e-03,  4.3608e-02,  9.7231e-02,
         -1.2615e-02, -8.8440e-02, -1.7459e-02, -1.1073e-02,  1.0948e-02,
          6.4673e-03,  1.7483e-02, -3.0011e-02, -2.6211e-03, -9.8726e-03,
          1.9785e-04, -7.0342e-04, -5.2873e-03,  9.6264e-03, -5.9206e-02,
          1.8250e-02,  6.2014e-02,  1.8471e-02, -4.9364e-02,  3.1990e-02,
         -4.8827e-05,  1.0898e-01,  4.0925e-03, -6.3902e-03,  1.9797e-01,
          1.8222e-02,  2.0137e-02,  3.5540e-02, -2.8152e-01,  1.3271e-02,
         -1.1701e-01,  2.6442e-03,  1.6277e-02,  1.5362e-01,  1.1299e-02,
         -1.5595e-01,  2.3412e-03,  6.5253e-03, -3.9342e-03,  9.5064e-02,
         -1.8749e-02,  8.3764e-02, -2.2643e-02, -2.0531e-02,  3.9869e-01,
          4.6956e-03,  6.5775e-03, -1.3042e-01,  4.3198e-02, -4.0700e-03,
         -2.0823e-01, -1.2504e-03, -2.5439e-03, -2.1340e-02,  7.6890e-03,
         -1.2691e-02,  4.4332e-02, -8.0010e-02, -4.4735e-03, -4.3577e-02,
          9.3381e-02,  4.3702e-03, -4.7032e-03, -4.2942e-03,  1.7383e-01,
         -2.1115e-02,  1.9297e-02,  1.3892e-02,  6.3848e-02,  4.7126e-03,
          1.2548e-02,  2.5359e-03,  2.0989e-02,  7.6086e-03, -1.3052e-03,
          6.0442e-03,  1.0817e-02, -9.9662e-03,  1.7789e-02,  1.0035e-02,
          2.1345e-02, -1.8873e-02, -8.5169e-03, -8.7773e-03, -8.0052e-03,
         -1.6117e-01,  4.9120e-01,  2.2334e-02,  2.0282e-02, -1.3484e-01,
          2.2799e-02,  6.6557e-03, -1.0310e-02,  4.7486e-02,  1.2759e-02,
         -1.0097e-02,  1.5046e-02,  2.2513e-03, -3.1329e-03, -7.5124e-02,
         -1.7825e-01,  5.1930e-02,  1.1854e-02, -3.5540e-01,  2.7500e-03,
          9.1486e-03, -4.0141e-02, -7.7104e-04,  4.4991e-02,  4.2499e-03,
         -1.1636e-02, -1.4991e-02,  7.3160e-04,  1.0778e-01,  1.2769e-02,
          5.0266e-03,  1.1331e-02,  4.8481e-02,  1.1673e-01, -2.9225e-01,
          3.3896e-02, -1.9167e-02,  1.0353e-02,  7.0138e-03,  1.5122e-02,
          1.4674e-01,  5.4801e-02,  9.3755e-03,  3.7255e-02, -2.4243e-03,
          7.5457e-04, -1.5189e-02, -3.9509e-02, -5.4429e-03, -1.5515e-02,
         -2.0178e-01,  1.3556e-02,  1.0213e-02,  2.4796e-01, -1.4696e-03,
          5.6871e-02,  1.7780e-02, -2.7560e-02,  2.0098e-02, -4.3994e-02,
         -1.2250e-03, -7.7883e-02,  5.2080e-03, -5.0732e-03, -5.0284e-03,
          4.7373e-03,  2.6894e-01, -8.4986e-03,  4.4164e-03,  4.1370e-02,
         -4.1399e-02, -1.6439e-03, -8.4969e-03,  3.2610e-01, -1.8315e-02,
          1.9697e-02,  2.5119e-04,  4.3938e-03,  1.3717e-02, -4.2791e-01,
         -1.1484e-02, -6.2780e-03, -1.5531e-01,  5.1895e-03,  5.4558e-02,
          8.1050e-03,  1.4175e-02,  3.7620e-02, -1.9034e-02,  6.9228e-02,
         -2.4529e-03, -7.3390e-03,  3.1314e-01,  2.9329e-01, -1.3053e-02,
          6.4387e-03, -1.7807e-02, -6.7090e-03, -4.8069e-04,  1.1259e-02,
         -8.7328e-03,  1.4808e-02,  2.6924e-03,  9.3290e-03,  7.9615e-03,
         -1.0758e-02, -3.6503e-03, -2.3618e-02,  3.6931e-02,  1.7992e-01,
         -5.3819e-02,  4.3707e-03,  2.3507e-02,  5.3309e-02, -6.0233e-03,
          1.2284e-02,  5.0643e-01,  3.2606e-03,  2.2699e-01, -2.8457e-01,
          1.1585e-02, -8.4027e-02,  4.8021e-03, -9.4973e-03, -2.5982e-03,
          7.1836e-02,  3.1705e-02, -2.7426e-02,  3.6741e-03,  6.5455e-03,
          7.3070e-03,  8.3937e-02,  3.5650e-03,  1.0366e-02,  2.3996e-03,
         -1.4113e-02,  1.0696e-02, -1.5017e-02,  1.3588e-01, -5.4995e-02,
          3.4398e-03,  5.4734e-03,  5.0357e-02,  4.0290e-03, -2.0640e-01,
         -9.8958e-03,  7.9922e-02, -2.1509e-01,  2.9934e-03,  1.5950e-01,
         -1.0950e-02,  1.7819e-01,  2.9793e-02,  1.1521e-02,  6.7142e-02,
          4.9892e-02, -1.3589e-03,  3.2512e-03, -5.6819e-01,  4.4403e-03,
         -2.4075e-02,  3.9142e-02, -1.7429e-02,  9.4602e-03, -1.0295e-02,
          5.2418e-03, -5.3282e-03,  9.1544e-03, -2.6918e-03,  1.0131e-02,
         -1.2893e-02,  5.7496e-03, -1.9433e-03, -5.7261e-03, -1.7674e-02,
         -1.2223e-02,  6.2439e-03, -5.5943e-03,  7.8108e-03,  1.0199e-02,
         -1.4734e-02,  1.0593e-03,  4.6850e-01,  1.2135e-01, -6.4113e-02,
         -2.7795e-03,  1.4163e-02, -3.9018e-03, -1.7886e-02,  2.0773e-02,
         -3.7491e-03, -1.5266e-03,  1.3824e-03,  2.6529e-01,  7.2891e-03,
          3.3804e-02,  9.1396e-03, -9.4673e-03, -5.1661e-03,  1.3162e-02,
          2.0812e-02,  5.9051e-03,  2.1496e-02,  3.2437e-03, -1.2185e-02,
          6.1699e-02,  1.1713e-02,  1.1541e-02,  1.5801e-02,  1.0903e-02,
          1.3821e-02,  3.8373e-02,  1.6621e-02, -3.3139e-03,  4.4493e-02,
         -1.0966e-02,  1.2632e-02,  1.5455e-02,  1.1963e-02,  3.2344e-02,
          1.9069e-02,  2.7189e-03, -2.0018e-02,  1.9415e-02, -3.0607e-02,
         -2.1825e-02,  7.1763e-02,  3.0478e-02,  1.8781e-04, -8.5772e-02,
          1.3514e-01,  3.6626e-02, -1.1073e-02,  3.5911e-02,  5.0134e-02,
          2.1886e-03,  5.6758e-02, -2.1574e-02,  2.9182e-01,  1.0906e-02,
          4.0459e-02, -1.7700e-02, -1.6394e+00, -6.4958e-03,  4.8433e-02,
          4.6585e-03, -1.9891e-03, -2.8610e-03,  4.9313e-03, -1.5086e-02,
          1.0276e-02,  3.8509e-03,  6.0347e-04, -3.8472e-04, -8.0630e-02,
         -1.5149e-02,  8.5908e-03,  2.3786e-01,  1.6700e-02,  9.9246e-03,
         -2.6730e-02, -2.1413e-01, -3.2795e-03,  9.7065e-03,  1.1200e-02,
          7.3990e-03,  1.8696e-01,  1.0362e-01,  7.9192e-03,  2.0771e-02,
          7.5669e-03,  1.1943e-02,  2.7136e-02,  8.5513e-03, -5.0219e-03,
          2.6170e-03,  3.4500e-03,  1.2019e-02, -4.1333e-01,  9.7809e-03,
          3.5067e-02, -7.9171e-03, -7.1223e-03, -1.2946e-02,  7.7416e-03,
         -1.1577e-03, -7.1352e-03,  2.7847e-02,  7.1049e-03,  2.2713e-02,
          3.3362e-02, -2.1444e-02,  1.5467e-03,  7.7685e-03, -8.7020e-02,
          7.4925e-03, -8.4581e-03, -5.0264e-03,  1.3319e-02, -3.0842e-02,
          6.9422e-03, -1.3524e-02, -2.7314e-03, -1.0970e-02, -1.1086e-01,
          3.9047e-02,  7.1371e-04,  4.1408e-03,  2.8206e-02,  1.3172e-01,
         -4.3909e-03,  1.7009e-02, -2.9689e-03,  2.2654e-02, -5.1564e-03,
          1.1074e-01, -1.2951e-02,  3.9526e-02,  3.8531e-03, -6.1437e-02,
          5.5987e-02,  3.0083e-03,  1.6785e-01, -2.5084e-01,  1.8584e-03,
         -9.9265e-02, -1.0174e-02,  2.1263e-02, -5.1944e-03,  1.0603e-02,
         -1.0883e-02, -1.5251e-02, -6.9430e-02, -7.1338e-03, -2.3836e-01,
         -1.1287e-02,  2.4357e-02,  5.9312e-03,  6.4736e-02,  2.1578e-01,
          2.7025e-03,  3.3133e-02,  1.7013e-02,  4.3311e-02,  6.0416e-02,
          4.7382e-03, -3.5078e-02,  1.2178e-02, -1.9875e-01, -1.2268e-02,
          1.9022e-02, -1.8391e-01, -6.1769e-03, -2.0497e-02,  1.5317e-02,
          2.2985e-03,  9.3920e-03, -2.1787e-02, -1.9172e-02,  2.0474e-03,
          2.8276e-03,  9.3337e-03, -4.6732e-02,  7.7883e-03,  6.1566e-03,
         -3.1547e-03, -1.6171e-02,  6.6035e-02,  4.7597e-01,  1.3218e-03,
          2.1821e-03, -7.3749e-03, -6.1749e-02, -9.3896e-03, -6.5282e-03,
         -3.5689e-04,  2.3373e-03, -2.6417e-04, -3.1171e-03,  4.3999e-03,
          5.8956e-03,  1.9581e-02, -1.1175e-01,  1.7643e-02, -6.9410e-02,
          1.2967e-02, -7.5875e-03,  1.7589e-02,  6.0872e-03, -4.2660e-03,
         -1.5091e-02, -3.3265e-02,  5.9601e-02,  2.0384e-01,  6.5595e-03,
         -2.0904e-03,  3.7787e-03, -3.4817e-01, -4.7531e-03, -5.6976e-03,
          9.5485e-03,  5.3520e-02,  4.1352e-03,  1.4146e-02, -8.0963e-02,
         -1.0136e-03,  2.4373e-02, -1.1461e-01, -2.0994e-03,  6.0588e-03,
         -9.2890e-03,  1.9264e-02,  1.5477e-02,  2.0809e-03,  8.9011e-03,
         -2.8221e-02, -5.3153e-02, -1.5095e-02,  1.2892e-02,  1.2780e-02,
          1.3735e-02, -4.8794e-03,  4.4955e-02,  1.5919e-02, -8.3484e-03,
         -1.6113e-05,  6.4670e-04,  5.9920e-03, -6.5413e-03,  1.1515e-02,
          2.0710e-01,  3.2877e-01, -2.3725e-01, -1.1947e-03,  2.6100e-01,
          1.7538e-01,  2.6516e-01, -8.2440e-04,  9.4654e-03,  4.2011e-02,
          1.6426e-02,  3.1643e-03, -8.9077e-03,  1.0275e-02, -1.9628e-02,
         -2.6965e-01,  2.3181e-03, -6.4889e-03, -2.9374e-03, -4.1402e-03,
         -1.8387e-02, -5.6595e-03, -8.5429e-03,  2.3529e-01, -2.0553e-02,
         -5.1140e-03, -4.3128e-03,  4.5840e-03, -3.6546e-01,  7.6666e-03,
         -3.1519e-01,  8.9801e-04, -3.9562e-01, -3.3945e-03,  9.6298e-02,
          8.9981e-03,  4.0120e-02,  2.4964e-03,  8.4992e-04, -5.4291e-03,
          3.5101e-03,  7.3743e-03,  2.4304e-02,  6.4564e-03,  1.4889e-02,
         -7.2402e-02, -1.0406e-02, -6.7326e-03,  1.2515e-01,  6.3625e-02,
         -2.3408e-01, -5.8741e-03, -1.1588e-02,  2.1225e-02, -6.2515e-03,
          4.2561e-03, -2.5543e-02,  2.5887e-03,  2.4894e-01, -1.6725e-02,
          1.3427e-02, -4.9917e-03,  2.4535e-01, -1.0047e-02,  2.1310e-02,
          1.1092e-02,  7.2456e-02, -1.9505e-01, -1.1795e-02,  1.6150e-02,
         -1.9728e-02,  7.2409e-03,  2.7632e-02, -3.6110e-02,  4.5486e-03,
         -1.8124e-02, -2.8968e-03,  2.5501e-01,  9.5143e-03,  4.2807e-03,
          2.6241e-03,  1.2927e-02,  3.8779e-03,  8.8772e-03,  1.5343e-02,
         -9.2851e-03,  6.6319e-02, -1.0885e-01,  3.8487e-02,  1.3063e-03,
          3.2985e-03,  3.8337e-02,  2.7502e-02,  3.5483e-03, -2.4607e-02,
          5.2881e-02,  1.0637e-02,  7.2656e-03,  7.4807e-03, -1.1807e-03,
          1.2618e-02, -1.4554e-02,  4.4039e-03,  4.4771e-02, -2.4943e-03,
          1.6423e-03,  4.0681e-03, -9.8641e-04,  1.9751e-02, -1.0999e-02,
          2.5031e-01,  6.7918e-03,  7.2963e-03,  2.1744e-02,  4.4560e-03,
          4.0581e-03,  3.0898e-02,  3.0704e-02, -5.7051e-03, -4.9397e-02,
         -3.6064e-01,  2.9272e-02,  4.4016e-03, -2.3332e-03, -9.9740e-02,
         -4.8190e-02,  1.5970e-02,  1.0413e-02,  5.9461e-02,  4.9050e-03,
          5.4883e-02,  1.1886e-03,  7.0502e-03, -4.6348e-03, -3.4839e-02,
          1.6459e-02, -1.3287e-01,  2.8545e-04,  1.0847e-03, -1.6341e-03,
         -1.1919e-02,  2.5458e-03, -9.2556e-03,  5.4421e-03,  8.4672e-03,
         -3.2635e-02, -2.2284e-02, -1.8677e-02, -7.0312e-03,  8.9837e-03,
          1.9507e-03,  1.0497e-02,  3.5387e-03, -9.8260e-03,  1.3194e-01,
         -3.0060e-03,  5.5687e-03,  7.3179e-02, -2.3653e-02, -6.7190e-02,
          6.1046e-02,  1.6394e-02, -1.0445e-02, -3.5579e-02,  2.6312e-01,
          1.0400e-02,  6.9839e-03,  2.3034e-02,  3.6718e-02,  1.7396e-02,
          2.1176e-02, -8.8996e-03,  9.9458e-03,  1.1086e-02, -5.0832e-03,
          1.8383e-02,  2.0298e-02, -6.9628e-05,  1.0409e-02,  2.1004e-03,
          2.0415e-01, -1.1925e-02, -6.1135e-02, -1.1546e-02,  9.9704e-03,
          5.9092e-02, -2.7711e-01, -7.1241e-02,  1.6590e-02,  4.5365e-02,
          7.9411e-03,  1.4963e-03,  2.4654e-01,  5.3278e-02,  1.4535e-02,
         -1.5338e-02, -2.0088e-03, -1.7085e-02,  1.3597e-02,  1.1924e-02,
          4.3583e-03, -1.4788e-02,  1.2629e-02, -1.2910e-02, -1.2691e-02,
         -1.1639e-02,  4.0272e-02,  1.7908e-02,  1.2850e-02, -5.4268e-03,
         -6.1109e-03, -7.1071e-02,  5.9311e-03,  1.9675e-02, -6.0007e-02,
          6.7607e-03, -2.4218e-01, -7.4263e-03, -1.8551e-02, -4.0148e-02,
         -6.3793e-02,  9.5816e-03, -1.0214e-02, -1.2969e-01,  1.0382e-02,
         -3.2900e-02, -7.7717e-03, -4.4389e-04, -6.6085e-03,  2.5866e-02,
          2.9319e-06,  1.8055e-01, -1.5485e-02, -1.4074e-02,  4.7463e-02,
          8.0764e-02, -9.9891e-03,  6.5259e-03, -2.3697e-03, -6.3602e-03,
          7.1096e-03,  3.5573e-03, -1.3390e-02,  3.2215e-03,  4.9774e-02,
          9.7779e-02,  7.8141e-02, -3.1027e-03,  2.6749e-03, -4.6901e-02,
         -4.9597e-03, -1.4007e-02,  1.0587e-02,  4.0759e-03, -4.1530e-01,
         -6.3031e-03,  1.2544e-02, -3.3332e-04, -2.5995e-02,  7.1265e-03,
         -1.5932e-02,  5.9071e-02, -4.3674e-03,  9.0994e-03,  5.3876e-02,
         -5.9374e-03,  2.0899e-03, -5.4217e-01, -2.5988e-01, -1.2808e-03,
         -2.5405e-03, -3.7513e-03, -9.3380e-03, -1.3724e-04, -5.2800e-03,
          2.7353e-01,  6.1081e-03, -2.1887e-02,  2.1188e-03, -4.1469e-01,
          1.1624e-02, -3.4333e-02, -1.0519e-02,  5.7495e-03, -1.4408e-01,
          5.7469e-01, -6.3777e-02, -4.3283e-02,  3.8346e-02,  5.1929e-02,
         -1.3204e-02, -1.9564e-01, -5.6548e-02, -6.3693e-02,  1.3375e-02,
         -3.6461e-03,  6.5334e-02,  1.7517e-02, -9.9279e-02,  1.3547e-01,
          7.9935e-03, -1.6384e-01, -7.8315e-03, -3.3160e-02, -7.2940e-03,
          7.1092e-03, -2.7564e-02,  4.5065e-02, -2.6146e-02,  5.6743e-03,
         -8.5898e-03,  1.1438e-02, -1.9200e-03,  1.2022e-01, -5.9527e-03,
          2.3079e-02,  2.1110e-02, -2.1165e-03, -3.0249e-03, -3.4779e-03,
         -1.3868e-02, -8.2045e-02, -5.5362e-03, -6.8978e-03, -2.6967e-01,
          7.2244e-03, -5.9614e-03,  2.5783e-04,  2.1727e-04,  1.9731e-01,
          2.0835e-02,  4.7405e-03,  2.4362e-02,  1.5991e-01,  2.9370e-02,
          5.2098e-02,  6.4251e-02,  1.3786e-02,  7.8885e-02, -1.0058e-02,
         -7.9825e-03,  3.7261e-03,  1.9814e-02,  9.7907e-03, -2.0712e-01,
         -8.5103e-03, -1.1444e-01,  4.7166e-03,  6.1171e-03, -5.3300e-03,
          5.4700e-03,  6.1092e-03,  6.9262e-02,  6.3685e-03, -2.3067e-02,
         -8.4770e-03, -7.2356e-03, -1.0522e-02, -3.8178e-01,  8.8336e-03,
          6.0585e-03,  7.8959e-03, -7.8289e-04,  1.0310e-02,  1.4411e-03,
         -1.3951e-02,  2.1306e-02,  1.9943e-03, -2.2626e-02,  8.6994e-03,
          1.6613e-01, -1.0014e-02,  9.5780e-04,  8.1205e-03, -3.9706e-03,
          1.6008e-02, -2.7481e-03,  1.4753e-02,  1.9973e-02,  1.0241e-03,
          1.0903e-03,  5.3862e-02, -3.2688e-02, -7.1301e-03,  3.4954e-01,
          5.3256e-03,  1.5818e-02,  1.0631e-01,  8.5652e-04,  9.6728e-03,
         -8.8562e-03, -4.1890e-01,  1.0757e-01, -1.2785e-02, -6.4049e-03,
         -9.8672e-02, -1.2894e-02, -1.1140e-02,  2.4291e-03,  3.5485e-02,
          4.8494e-02, -1.1748e-03, -1.5860e-01,  2.3704e-03,  8.9283e-03,
         -4.3133e-02,  1.3997e-01, -2.4380e-01,  8.5092e-05,  1.7940e-02,
          3.6147e-02, -4.9654e-02,  1.3392e-02, -1.6910e-02,  5.8272e-03,
          2.4937e-02,  2.0345e-02, -9.2414e-02,  7.3305e-02, -1.1514e-02,
         -5.4216e-03,  1.4903e-02, -3.7334e-03,  2.3732e-03, -6.3230e-02,
          2.1467e-02, -7.8972e-03,  1.0447e-02,  7.5246e-03,  1.7355e-01,
          3.6712e-02, -4.4747e-03, -1.5192e-02,  2.1414e-02,  7.2981e-03,
         -4.8616e-03, -8.8477e-05, -7.6291e-02, -2.6210e-02,  7.3200e-03,
         -4.7815e-03,  2.4516e-02, -3.7890e-01,  1.7247e-02,  7.6574e-03,
         -5.9304e-03,  1.0770e-02, -1.6868e-02, -6.9409e-02,  6.5441e-03,
          7.9021e-04,  9.3879e-04,  1.0840e-02,  1.6394e-02, -4.0880e-04,
         -1.5526e-03,  2.9700e-02,  1.5787e+00, -1.5242e-02,  7.0940e-05,
         -2.0592e-02,  1.9017e-02, -8.8499e-02,  7.4437e-03,  1.9687e-02,
         -9.4126e-02, -1.8008e-01, -1.5254e-02,  3.4792e-01,  4.1324e-02,
         -1.3722e-02,  1.6998e-03,  4.3902e-02, -6.7706e-02,  6.3386e-04,
          5.4664e-03, -1.3925e-03,  6.0730e-03,  1.0455e-02,  6.0402e-03,
          2.2051e-02,  1.2241e-02, -1.6787e-02, -6.7891e-03, -3.2523e-02,
         -9.7041e-02,  1.1746e-03,  1.3950e-01, -1.1556e-02, -1.2839e-03,
         -3.0844e-03, -9.0370e-03,  4.9773e-02, -1.5486e-02,  6.7918e-02,
          1.0966e-02,  4.7703e-03, -9.8393e-03,  1.7493e-01,  3.0388e-02,
          6.0217e-02,  4.8914e-02, -1.7419e-02, -1.4001e-01,  3.9190e-03,
          4.6758e-02, -6.8732e-02,  5.6876e-02,  1.2922e-02, -3.1624e-03,
         -3.5162e-01, -4.3380e-02,  3.0000e-02,  8.8646e-03, -2.8202e-03,
          6.8024e-02, -4.4488e-04, -1.3727e-03,  1.1389e-02, -1.9143e-02,
         -8.8243e-03,  2.0236e-02, -3.5337e-02, -3.0887e-03,  3.9521e-02,
          1.5148e-03, -5.1140e-02,  3.4308e-03, -6.8053e-02,  1.1048e-02,
         -5.0582e-03, -1.1015e-01,  2.5251e-03,  2.8266e-01,  4.4996e-03,
          6.4175e-02, -7.1741e-03,  1.8208e-02,  7.0649e-03, -1.3951e-03,
          1.9646e-03,  6.7312e-02,  1.2865e-02, -2.5343e-01, -2.1748e-02,
          3.9986e-03,  6.1500e-03,  1.5615e-02,  2.2044e-02, -3.2394e-02,
          9.0483e-03, -7.5680e-02, -4.8288e-02,  9.8091e-03,  6.0366e-03,
          6.0049e-03,  3.8774e-03,  3.8999e-02, -4.1424e-02,  2.6610e-02,
         -1.5743e-02,  2.2030e-02, -1.5030e-01,  4.4845e-02, -3.9472e-02,
         -3.5803e-03,  3.0403e-03,  2.8026e-02, -4.3431e-03,  2.5197e-02,
         -1.2427e-01, -3.5532e-02,  4.8251e-01,  9.5177e-02, -3.7417e-01,
          7.8056e-03, -6.8654e-02, -1.0236e-01,  3.9825e-02, -4.5085e-02,
          8.5509e-03,  1.3749e-01, -5.2523e-03, -1.7994e-02,  3.9551e-02,
         -1.6595e-01,  1.4175e-02, -1.1097e-01, -3.3608e-03,  2.3016e-02,
         -8.9240e-03,  1.1510e-02,  6.7203e-03, -2.9374e-01,  2.3729e-01,
         -1.1478e-02,  6.2034e-02,  1.2932e-01, -9.6433e-02, -3.5368e-02,
          2.8632e-02, -4.0807e-02, -2.1363e-02, -1.0080e-02, -6.8937e-04,
         -2.7754e-02, -7.4756e-03, -8.6284e-03, -4.7897e-03, -4.3556e-04,
         -2.2611e-03, -2.7706e-03,  7.3707e-03,  3.0400e-03,  2.1111e-01,
         -8.3703e-03,  2.1581e-03,  7.8790e-03,  5.2483e-03,  1.1802e-02,
         -2.7170e-02, -1.1623e-02,  3.5427e-03, -4.4342e-02,  6.3331e-02,
          9.2478e-03,  7.0581e-03,  1.9146e-02,  1.2745e-02,  3.8026e-02,
         -2.2048e-01, -2.1349e-01,  2.5794e-01,  7.5361e-02, -1.6926e-04,
         -3.1344e-02,  1.1198e-01, -1.0770e-02, -8.7951e-03,  3.5672e-02,
          9.0454e-03, -2.1953e-03, -4.0826e-03,  2.6465e-02, -8.2973e-03,
          3.3402e-03, -3.1290e-02,  4.7748e-02,  4.6482e-03,  5.1273e-04,
         -1.3094e-02, -3.6064e-03,  3.2380e-02, -6.7672e-03, -6.8799e-02,
         -6.7688e-03,  1.4051e-02, -6.0604e-03,  3.5361e-01,  2.1921e-02,
         -1.8070e-02, -2.3605e-02,  3.7816e-02, -2.0105e-02, -2.5689e-01,
          2.2483e-02, -1.0837e-02,  8.3605e-03,  1.7798e-02,  8.8365e-03,
         -8.5256e-03, -3.0204e-03,  1.3435e-02, -2.5818e-02, -1.8382e-03,
         -1.9135e-02,  6.2921e-02, -1.7258e-03, -5.3627e-03,  1.0223e-02,
          1.4811e-02,  1.8328e-02,  5.1201e-03,  1.8116e-02,  1.4201e-01,
         -9.6458e-04, -2.5682e-03, -9.8186e-02,  1.3367e-02, -1.5845e-01,
          1.2684e-03,  1.5580e-02,  3.4687e-03,  2.7955e-02, -8.0977e-03,
          3.1409e-03,  2.4935e-01,  7.9107e-03,  2.2348e-02, -2.5094e-01,
         -8.9303e-03,  2.5582e-02, -6.3770e-03, -5.6931e-03,  8.3044e-03,
         -1.2364e-02, -2.8297e-01, -1.5814e-02,  4.7047e-03,  5.9063e-02,
          2.2736e-01, -2.2338e-02, -1.3099e-02, -6.5311e-03,  2.9380e-03,
         -4.4223e-01,  7.7634e-03,  3.5811e-03,  2.8996e-02,  1.3280e-02,
          1.1843e-02,  2.1470e-02,  1.3349e-02,  1.0440e-02,  1.6825e-03,
          6.4131e-03, -1.8092e-02,  1.1369e-02, -1.9083e-01, -2.5801e-02,
          2.2812e-01, -3.1678e-02,  6.0492e-03, -7.8473e-03, -7.5511e-03,
          3.7832e-02,  1.1333e-02,  2.1002e-02,  1.0657e-01,  7.3178e-03,
          2.0939e-02,  7.0798e-01,  2.3282e-02, -9.4135e-04,  1.0140e-02,
         -1.0503e-02,  3.8200e-02, -6.4303e-03, -9.7349e-02, -4.3529e-03,
         -8.6424e-04,  1.4240e-02,  2.6409e-02,  4.0277e-02,  1.3459e-01,
          1.6554e-02,  2.7329e-02,  4.5520e-02,  4.8865e-03, -1.0828e-01,
         -1.1615e-02, -1.5100e-02,  7.6728e-03,  7.1035e-03,  5.4437e-02,
          6.4871e-02, -3.0108e-02,  1.4190e-01,  1.1135e-02,  1.1028e-02,
          6.6260e-02,  3.3520e-03,  1.2244e-02, -2.0511e-02,  3.4912e-03,
          5.5392e-04,  1.0703e-02,  2.6519e-01, -3.0480e-04,  9.5638e-03,
         -3.2949e-02, -7.4840e-02, -1.5833e-02, -6.9009e-02, -2.8211e-01,
         -9.0770e-04, -3.3687e-02, -4.0265e-03,  7.3300e-03,  2.6573e-02,
         -2.1658e-02, -5.9895e-02,  5.2688e-02, -1.4746e-02, -5.6046e-03,
          6.2545e-02, -1.6142e-01,  6.6251e-03,  7.0895e-02,  1.8587e-02,
          1.7275e-02,  3.8831e-02, -6.4381e-02,  2.0352e-01, -2.4449e-02,
          5.2781e-03,  5.8587e-03,  1.6138e-02,  5.1157e-03, -3.2602e-02,
          1.8314e-01,  4.8056e-03,  2.0259e-02,  6.3754e-03, -1.8165e-01,
         -4.0717e-03, -1.0657e-02,  4.7655e-03, -1.3825e-02,  5.0856e-02,
         -3.3354e-03, -2.5766e-02, -4.0366e-03, -7.8277e-03,  5.0462e-03,
          4.8643e-02,  3.3515e-02,  3.3670e-04, -1.1159e-02,  5.3053e-04,
         -6.3212e-03, -1.6939e-02, -6.8304e-02, -6.9067e-03, -1.9786e-02,
          5.6692e-02,  7.2068e-03,  8.5155e-03, -6.4639e-02, -3.2650e-01,
          4.5632e-02,  1.5953e-02, -2.4995e-01,  5.6307e-02, -4.6600e-03,
         -2.4849e-02, -1.6238e-01, -1.7192e-03,  5.6129e-03,  3.5401e-02,
         -1.3404e-02, -1.6799e-02,  1.4064e-02,  8.5440e-03, -7.9769e-03,
          1.7440e-01, -2.3741e-03,  3.3385e-03, -1.4289e-02, -6.3191e-03,
          3.5777e-02,  1.5401e-03,  6.8098e-04, -9.0108e-01, -7.9526e-02,
         -8.0118e-04,  7.4471e-03, -2.8792e-04, -1.9030e-01,  3.5367e-03,
         -9.3841e-03, -5.6703e-02,  5.6911e-02, -3.9155e-02, -1.4145e-02,
          1.3707e-03,  1.2433e-01, -1.2720e-02,  1.1815e-01,  8.1328e-03,
          1.5620e-02, -2.3139e-02, -9.0892e-03, -5.6037e-02,  8.1622e-03,
          1.3470e-03,  2.8622e-03, -6.6256e-03, -5.5050e-03, -8.6075e-03,
          2.1909e-02, -3.7233e-02, -1.6524e-01,  2.2074e-02,  6.8070e-03,
          2.5515e-02, -8.9893e-04,  1.4413e-02,  1.3671e-02,  1.8841e-01,
         -4.0832e-04,  3.1554e-02,  9.3748e-03, -1.8632e-03, -1.9160e-02,
          4.8938e-02, -4.3873e-03, -3.2455e-01, -4.2814e-02,  2.5660e-02,
          2.8489e-01,  1.7756e-02,  2.0814e-03,  1.9989e-02,  2.0688e-03,
          6.6297e-02, -2.2504e-01,  9.4623e-03,  1.0641e-02,  1.9632e-02,
          1.0003e-01,  4.9991e-03, -3.5505e-03,  2.6943e-02,  3.5141e-01,
          7.3606e-03,  6.4461e-03, -1.8990e-02,  3.4675e-03,  3.5657e-03,
          2.2011e-02, -3.7681e-02, -6.5173e-02, -2.8157e-02,  8.1216e-03,
         -4.5331e-04,  4.4855e-03, -4.2415e-02,  8.8329e-02, -8.1008e-02,
          2.8632e-03,  8.4735e-03, -6.0041e-03, -4.7892e-03,  1.8074e-02,
          1.2234e-02,  2.1420e-02, -2.2596e-01,  1.7126e-01, -7.1775e-03,
         -1.6958e-02, -5.9045e-02,  1.2294e-02,  2.1876e-02,  1.4107e-02,
         -4.8851e-03,  2.4935e-04, -1.7108e-02,  4.6032e-05,  1.4671e-01,
          6.5225e-03, -9.5410e-02, -2.9337e-03, -1.0011e-02, -7.5015e-03,
          1.3633e-02, -1.1881e-04,  4.5124e-03,  2.2729e-03, -3.2298e-02,
         -5.7962e-03,  4.7891e-03, -4.6179e-02,  8.7454e-03, -1.8332e-02,
          1.7071e-02, -8.4696e-02, -5.9665e-03, -4.0824e-03,  1.4374e-04,
         -2.7643e-03, -2.1404e-01, -9.0918e-02, -3.8677e-02, -9.6145e-03,
          9.7264e-03,  1.2363e-02,  9.8578e-03,  2.2400e-02,  5.9629e-03,
          2.6339e-02,  4.9239e-03, -1.5059e-02, -1.7578e-02, -6.6011e-03,
         -4.8254e-01,  1.4122e-02, -4.8556e-03,  1.1446e-02, -3.4504e-02,
          1.7038e-02,  5.7615e-03, -4.3211e-02, -8.4025e-03,  1.0795e-02,
          1.4635e-02,  2.8246e-02,  2.9465e-03,  2.3356e-01, -6.0267e-03,
          2.1118e-02,  2.7944e-02, -1.9855e-03,  2.2158e-03, -4.9196e-03,
          1.8243e-02, -1.9786e-03, -4.9504e-03, -9.5508e-02,  1.5280e-02,
          1.8585e-02,  8.7616e-03,  4.8715e-02, -4.4977e-04, -1.8963e-01,
         -5.2562e-02, -2.0905e-03,  1.6932e-02,  2.6218e-02,  2.2156e-01,
          2.6517e-02, -4.4295e-01, -8.4554e-01, -4.3633e-03, -1.1688e-01,
         -4.5162e-03,  4.4116e-01,  8.3262e-01, -6.0083e-02,  5.3437e-03,
          2.0666e-02, -4.3765e-04, -4.3657e-02,  2.0079e-03,  2.1698e-02,
          5.8126e-03, -4.3360e-03, -3.7485e-02,  1.1834e-02,  1.9593e-02,
         -3.3610e-01,  6.8225e-03,  1.8977e-03, -3.9088e-02,  9.5726e-03,
          6.7063e-02, -7.9446e-03,  5.8359e-02, -7.1269e-03, -5.5132e-02,
         -2.6865e-03,  4.9962e-02,  1.6584e-02,  1.7134e-02, -6.1176e-03,
          1.2397e-01,  1.3941e-02,  8.0961e-03,  9.6565e-03, -3.1988e-02,
          2.4571e-02,  6.5020e-03, -4.1762e-03,  2.1697e-02,  2.2218e-02,
          4.5233e-02, -1.2990e-03,  1.1457e-02],
        [-2.0838e-03,  5.1948e-02,  4.8034e-03,  2.3559e-03,  2.7925e-02,
         -6.7350e-03,  9.2920e-03, -1.7470e-02,  7.1567e-03, -2.6401e-01,
         -1.1542e-02, -2.1221e-02,  5.6200e-03,  2.0391e-03,  1.7134e-02,
         -1.9842e-01, -5.3050e-02, -1.0794e-02, -1.7494e-02, -8.6720e-03,
          7.2821e-03, -3.0213e-02, -1.6626e-02,  1.6241e-01,  3.8758e-02,
          1.0025e-02,  7.1687e-02, -1.7856e-02, -2.0799e-01, -9.6925e-03,
          1.3343e-02,  3.3494e-02,  1.4262e-02,  1.7343e-02,  1.8530e-02,
          1.4618e-02, -7.9157e-02,  9.0648e-02,  1.4522e-02, -2.9387e-02,
         -1.0057e-01,  1.5537e-01, -1.2015e-01, -1.0288e-02, -1.0742e-01,
          3.8101e-03, -4.2843e-04,  2.2020e-03, -1.1363e-02,  6.7366e-03,
         -4.6207e-03,  2.7682e-02, -2.1692e-03,  5.0255e-03,  2.2446e-03,
          1.9253e-02, -1.4773e-02, -1.0663e-02,  9.3589e-03,  5.6707e-03,
         -2.6681e-03,  1.8383e-02, -4.1107e-02, -1.3006e-02, -3.4816e-03,
          4.6595e-02, -1.0331e-01, -6.5082e-04,  4.2685e-03, -4.2639e-03,
         -6.1642e-03,  9.1446e-02,  2.6283e-02,  2.9534e-03,  1.0503e-02,
          2.5587e-02,  5.9530e-03, -5.2839e-02,  3.9783e-02, -2.3179e-02,
          1.4008e-01,  8.3609e-03,  8.3849e-02, -9.6130e-03, -1.9822e-02,
         -1.1559e-03,  1.7671e-03, -1.0887e-01, -5.8434e-02, -1.3593e-02,
         -1.9367e-02,  4.3283e-02, -1.0946e-03,  3.5573e-03,  5.3499e-03,
          3.3915e-02,  7.4949e-03,  1.8981e-02, -6.7671e-02,  2.8461e-03,
         -8.8671e-03, -3.5292e-02,  1.6437e-03,  9.3214e-03, -4.9258e-03,
          1.8197e-01, -9.7293e-03,  6.0989e-03,  5.4843e-03,  2.1380e-01,
          1.5325e-03,  7.4983e-03,  5.7449e-03,  6.2142e-02,  3.4331e-02,
          1.8630e-02,  9.3160e-04,  8.7645e-03, -2.2829e-03,  7.1675e-02,
          6.8000e-03,  2.0614e-02, -3.7022e-01,  8.2478e-03,  1.0887e-02,
         -1.3152e-01, -6.2247e-04,  1.3044e-03,  2.9078e-02,  8.6305e-03,
          1.6169e-03, -8.6953e-03, -7.4870e-03, -2.4957e-02,  5.5974e-02,
          5.8372e-03,  4.0041e-03,  5.7504e-04,  3.1011e-03,  7.7936e-03,
         -1.0413e-02,  1.0235e-02, -7.4036e-03, -1.7373e-03, -6.9380e-03,
          1.0052e-01, -1.9833e-02,  3.9876e-03, -3.1371e-03,  1.7737e-02,
          7.7716e-03,  2.7550e-01,  1.9124e-02,  2.5675e-03,  4.0026e-03,
         -3.0053e-02, -1.7286e-03, -3.9229e-03,  1.6600e-03, -6.6672e-03,
          2.0780e-02, -2.0129e-02, -9.1734e-03, -3.9025e-03, -2.6743e-04,
         -6.3939e-04, -1.2978e-02,  4.3649e-02,  3.6525e-03, -1.8748e-02,
         -5.0620e-03,  3.4650e-03, -2.6335e-01, -9.3244e-03, -5.9297e-05,
         -1.7415e-02,  4.4094e-03,  5.6325e-02, -2.5926e-03, -1.2996e-02,
          7.6304e-03, -2.1916e-02, -1.8757e-02, -7.4219e-03, -4.1394e-02,
         -7.1291e-03, -5.0169e-04, -1.3838e-02, -1.9037e-02,  1.1218e-02,
         -3.1703e-02,  1.8123e-03,  3.6690e-02,  5.7062e-03, -2.1085e-02,
          3.4191e-02,  2.1735e-02,  3.1042e-02, -7.0336e-02, -5.2915e-03,
         -3.8029e-02, -7.7242e-02, -5.3363e-03,  6.7007e-02, -8.4407e-03,
         -2.8772e-02, -8.6958e-03,  3.8914e-03,  3.5893e-03,  2.4283e-03,
         -2.5140e-02, -1.4166e-01,  3.5391e-03,  5.6181e-03, -2.4920e-03,
         -2.6010e-03,  1.9197e-01, -2.4857e-02, -3.3014e-03, -1.0655e-02,
          7.1452e-03, -1.9267e-02,  2.7545e-02,  1.3486e-02, -2.0958e-02,
          2.0476e-02,  2.3038e-03,  1.2479e-02,  7.3747e-03, -1.4637e-04,
         -3.1363e-03,  7.0771e-02, -1.9394e-02, -4.8173e-03, -4.0021e-05,
         -1.8896e-01,  7.8646e-03,  1.5065e-01, -1.0560e-01,  1.7087e-02,
          2.6395e-03, -5.9802e-03, -1.1533e-01,  1.0829e-03, -8.5128e-02,
          2.3711e-02, -9.9865e-03, -8.0896e-03, -7.6792e-02,  1.6158e-03,
          1.3914e-02, -5.3091e-03,  1.4548e-03, -9.4888e-03,  4.2114e-04,
         -8.8704e-03,  1.1310e-02,  2.5139e-02,  1.2697e-02,  4.9609e-03,
          1.3105e-02, -5.0236e-03,  8.1932e-03,  2.0200e-03, -2.1402e-02,
          7.9251e-05,  1.3834e-02, -1.7432e-03,  8.9155e-03, -2.3869e-02,
          1.1167e-02,  3.6715e-03,  2.9210e-02, -1.5329e-02, -7.2090e-02,
         -2.1724e-02,  3.3824e-02,  1.5186e-01,  2.5953e-02,  2.3828e-02,
         -4.8215e-03,  8.7393e-03,  1.7168e-02, -8.8725e-02, -4.2765e-02,
          2.7349e-02,  1.6885e-02,  6.1126e-04,  9.3201e-03, -1.0035e-02,
          1.0647e-02,  9.2806e-03,  4.9093e-03, -1.7352e-02,  4.3960e-03,
          5.7332e-02,  1.0425e-02, -6.6261e-03, -1.3514e-03,  6.7338e-03,
          3.6045e-02,  7.0404e-03, -8.9085e-03, -1.4103e-03, -3.8665e-03,
          2.8138e-02,  1.8251e-01,  2.2693e-03,  1.4956e-02,  1.6859e-02,
          8.5009e-03, -1.6458e-02, -1.2289e-01, -7.3544e-02, -5.1106e-03,
          5.9965e-04,  6.7355e-02,  1.5509e-02,  8.8269e-03, -1.0846e-02,
         -5.4944e-02, -2.8993e-02,  1.1749e-02, -1.1856e-01, -9.5023e-03,
          1.2593e-03,  1.4497e-02,  2.4812e-03,  4.3642e-03, -3.9886e-03,
         -6.5357e-02, -3.3642e-03,  1.7755e-02,  1.2761e-03,  6.5875e-03,
          1.2055e-02, -1.3944e-02,  1.9832e-01,  3.9841e-03,  3.9010e-02,
          5.5820e-02,  1.0584e-02, -4.2567e-03, -1.5951e-01, -5.1253e-02,
          2.4239e-04,  2.4265e-02, -1.9282e-02, -9.8713e-04,  1.1559e-02,
          1.1875e-02,  3.8268e-03,  1.1069e-02,  9.1005e-03, -2.7424e-03,
         -7.0852e-02, -1.4930e-02,  8.1180e-03, -1.5227e-02,  9.9243e-03,
          7.3781e-03, -2.5945e-02, -1.2291e-01,  6.7151e-02,  1.3889e-01,
         -1.6858e-02, -5.3191e-03,  5.0848e-02, -6.7787e-02,  7.2928e-03,
         -1.5078e-03, -9.2083e-02, -9.4617e-05, -1.1762e-02, -2.8330e-03,
          2.7420e-03,  1.8306e-02,  4.5179e-02,  8.0646e-03,  3.4050e-04,
         -2.0158e-03, -2.5061e-04, -2.7665e-03,  5.1985e-03, -3.7212e-02,
         -8.3691e-04,  1.9057e-02, -2.3912e-02,  4.6862e-02, -4.3134e-02,
          1.0146e-02,  3.1025e-02, -1.3704e-02, -1.2849e-02,  5.1466e-03,
         -1.7729e-02,  1.1482e-02, -1.5959e-02, -1.9736e-02,  1.0376e-01,
          2.2057e-02,  4.6120e-02, -4.0960e-03, -2.3917e-01, -2.6976e-02,
          2.0128e-01,  1.1362e-02,  7.4875e-03,  6.3257e-02,  1.8509e-02,
          8.5501e-03, -6.1504e-03,  1.6329e-02, -4.1336e-03,  1.5445e-02,
         -4.2441e-03,  7.8782e-03,  2.7014e-02, -1.0808e-02, -2.4722e-02,
         -2.2866e-01, -2.0319e-03, -5.9280e-02,  1.0831e-01,  1.6591e-02,
         -1.9430e-03, -1.3023e-03,  5.3036e-02, -5.5679e-03, -2.7342e-03,
          3.9468e-03,  3.9193e-02,  2.2034e-02, -1.5840e-03,  3.3723e-03,
          7.3901e-04,  4.3129e-02,  2.1228e-03, -8.8634e-02,  1.3999e-01,
         -1.7752e-02,  3.9739e-03, -5.2801e-02, -8.8578e-02, -2.8017e-02,
          5.9308e-02, -9.4927e-02, -1.0914e-02, -1.1764e-02,  1.9087e-02,
         -3.4177e-03, -2.0887e-02, -3.0237e-04, -5.4145e-03, -5.3264e-02,
         -1.1516e-02,  1.0095e-02, -7.1679e-02,  7.5025e-04, -1.5763e-02,
          4.3556e-03,  1.3334e-02,  1.5241e-03, -9.0428e-03, -2.0004e-03,
          2.1287e-04,  1.4603e-02, -3.6528e-02,  5.8228e-03,  8.8286e-02,
          5.2666e-03, -3.7562e-02, -1.0604e-01,  1.8965e-01,  7.2983e-03,
         -6.0811e-04,  4.0722e-03,  8.9833e-03, -6.7766e-03, -1.9943e-01,
         -1.9678e-02, -5.4422e-02,  2.2447e-02, -5.6199e-03,  2.0166e-02,
          4.5067e-02,  2.0043e-02,  1.3258e-02,  3.5676e-02,  8.5444e-03,
          1.4638e-01,  2.5937e-03,  1.5819e-03, -8.1833e-03, -4.7990e-02,
         -4.8091e-03, -2.3948e-02, -1.9785e-02, -3.6323e-03, -2.4443e-01,
          1.0036e-02, -1.4555e-02,  1.3462e-02, -3.2199e-02,  7.6533e-03,
         -3.0979e-02,  5.7786e-03, -3.1963e-03, -4.5741e-03, -6.4285e-03,
         -1.6383e-02,  7.9248e-02,  3.5717e-02, -6.3886e-04,  7.8466e-03,
         -3.2784e-02, -1.5387e-02, -1.8685e-02, -2.5372e-02, -1.4621e-01,
         -8.6829e-03,  1.8858e-02,  1.2648e-02,  3.0015e-02,  5.5894e-03,
          7.6414e-03,  1.3323e-03,  3.2921e-03,  1.9315e-02, -2.4706e-03,
          3.2210e-03,  5.5773e-03, -2.3752e-02,  1.0471e-02,  1.6350e-02,
          1.4456e-02,  1.1048e-03,  5.7509e-02,  2.0544e-03, -4.0961e-03,
          1.7049e-02, -4.2695e-01,  1.6719e-02,  1.4556e-02,  1.2543e-01,
          1.6648e-02,  4.0554e-03,  1.4920e-02,  5.3802e-02,  9.7778e-03,
         -1.5237e-02,  5.4065e-03,  3.7423e-03, -2.1426e-02,  7.7481e-02,
          4.3787e-03, -7.9961e-03,  1.8551e-02,  3.6249e-02, -1.5095e-03,
          1.4479e-02,  1.6109e-01,  2.0923e-03,  3.4410e-02,  7.0506e-03,
         -4.9929e-03, -1.1295e-01, -1.3218e-02, -3.7540e-02,  1.3490e-02,
         -3.8821e-03,  8.4382e-03,  3.9139e-02, -6.5100e-02,  1.8688e-01,
         -4.8897e-03, -7.9613e-03,  1.2367e-02, -1.0072e-02,  1.0650e-02,
         -1.1119e-01,  2.5412e-02,  7.0224e-03,  3.1420e-02,  1.1705e-02,
          7.0675e-03, -2.0782e-02,  1.2385e-02, -5.1504e-03, -2.7244e-02,
          6.5464e-02,  1.8064e-02,  5.8291e-03, -1.1975e-01,  5.5685e-03,
         -2.4702e-02,  2.4533e-02,  1.2766e-01,  1.0011e-02, -1.8361e-02,
         -1.4135e-01,  1.9431e-01,  4.1940e-03, -7.5639e-03, -3.2328e-03,
          2.1378e-02, -1.6494e-01,  4.0572e-03,  3.9629e-03,  3.4762e-02,
         -2.7011e-02, -5.5135e-04, -8.7721e-03, -2.2789e-01,  1.1590e-01,
          4.3168e-02,  2.0644e-02,  2.8693e-03,  8.9185e-03,  1.5863e-02,
         -1.1157e-02, -4.7452e-03, -7.6702e-02, -1.1437e-02,  1.1160e-02,
          4.8665e-03,  1.7128e-02,  3.1224e-02, -6.2145e-02, -1.5633e-02,
          9.5643e-03, -4.5551e-04, -1.5378e-01, -1.5153e-01,  8.2789e-03,
          4.2608e-03,  9.6164e-02, -9.9804e-03, -1.2195e-02,  8.8921e-03,
         -4.4402e-02,  1.1837e-02, -4.5325e-03, -8.9046e-03, -1.7427e-02,
         -1.9215e-03, -1.7112e-04,  4.1984e-03, -1.8836e-02, -7.7227e-02,
         -3.7408e-02,  4.0343e-03, -1.2363e-01,  4.6249e-02, -3.4670e-03,
          8.0311e-03, -2.9618e-01,  3.2749e-03, -1.4556e-01,  1.5694e-01,
         -1.5182e-02,  1.0367e-01, -7.5991e-03,  1.5788e-02, -1.0491e-03,
          1.0595e-01, -1.8344e-02, -1.5301e-02,  6.6327e-03,  4.6051e-03,
          5.2786e-04, -7.3903e-02, -4.7426e-03,  2.1489e-02,  7.7603e-03,
         -4.4134e-02,  1.0110e-02, -8.7176e-03, -1.0475e-01, -1.4403e-02,
         -3.9999e-02,  1.0173e-02, -2.1933e-04,  9.2390e-03,  7.1271e-02,
         -9.8328e-03, -3.8060e-03,  5.2550e-03, -2.2552e-03, -8.7966e-02,
         -5.2409e-03, -1.9877e-01, -7.3706e-02,  1.5303e-02,  8.6184e-03,
         -1.3022e-01, -6.1409e-03,  1.7578e-02,  4.1744e-01,  5.1689e-03,
          1.2469e-02,  2.3822e-02,  3.2903e-03,  9.2141e-03, -1.9134e-02,
         -1.9017e-02, -9.2498e-02,  5.7071e-03, -3.6242e-02, -1.6367e-03,
         -4.8987e-03, -3.3036e-03,  9.0443e-04, -1.9505e-03, -6.2206e-02,
         -7.9313e-03,  1.9671e-02, -2.9861e-02,  2.4809e-02,  6.3468e-03,
         -4.6957e-03, -1.1929e-02, -2.4211e-01, -9.9576e-02,  1.6586e-01,
         -2.3610e-02,  1.5385e-02, -5.6974e-03,  3.4400e-03,  1.9405e-02,
          3.4709e-03, -3.5523e-03,  1.9471e-03, -6.5241e-02,  7.5728e-03,
          2.5670e-02,  9.7095e-03, -5.3620e-03, -8.4523e-03,  1.8808e-02,
          1.4505e-03,  3.6391e-03,  4.8704e-02,  1.9782e-03,  1.8832e-02,
         -7.5684e-02,  8.9176e-03,  1.0675e-02,  4.3410e-04,  1.1820e-02,
         -4.6928e-03,  7.5715e-02,  9.1739e-03,  9.2244e-04, -5.1305e-02,
         -7.0171e-03,  1.0595e-01,  1.7258e-02,  5.1606e-03,  1.7193e-02,
          1.6040e-02,  3.1229e-03, -2.2213e-02, -1.2926e-02, -1.2931e-02,
         -1.8348e-02, -3.3111e-02,  2.8549e-02,  3.4493e-02,  5.8789e-02,
         -4.1856e-02,  2.3217e-02, -9.4059e-03, -1.2349e-02,  4.0117e-02,
         -1.2644e-03,  1.0920e-02, -1.3110e-02, -2.2186e-01,  2.7471e-03,
          3.3709e-02, -1.3022e-02,  9.3137e-01,  2.0171e-03,  5.9880e-02,
          4.9669e-03,  1.8053e-03, -1.2223e-01,  9.0939e-03, -4.3891e-02,
         -9.9144e-03,  5.2593e-03,  6.3282e-03,  1.7143e-02,  1.9663e-01,
          8.4691e-03,  8.1208e-03, -1.5175e-01,  1.0529e-02,  2.3279e-03,
          1.2394e-01, -4.2835e-02,  2.1409e-02,  9.8971e-03,  1.7934e-02,
          6.2870e-03, -1.0945e-01, -1.0924e-01,  9.0642e-02,  1.4377e-02,
          7.4510e-03,  8.7885e-03, -1.0681e-01,  7.0708e-03, -1.2781e-02,
         -3.3881e-04,  7.1669e-03,  1.0742e-02,  2.0146e-01,  1.0207e-02,
          1.6249e-02, -3.3731e-03, -3.8275e-03, -1.4716e-02, -1.7753e-03,
         -7.7857e-03, -2.1742e-02,  7.8875e-02, -3.2925e-03,  6.2989e-02,
          8.2829e-03,  1.7321e-01,  9.3968e-04,  5.9333e-03,  4.7672e-02,
         -5.7265e-03, -4.1208e-03, -6.1802e-03,  8.8883e-03, -1.6603e-02,
          8.2395e-03, -1.4601e-01, -4.2937e-03,  3.4730e-02,  1.9104e-01,
          4.6106e-02, -6.4225e-03,  4.6383e-03,  2.0134e-01,  6.3328e-02,
          1.4430e-02, -1.7644e-02,  6.1648e-04,  1.6552e-02, -2.8509e-02,
         -3.9114e-02,  3.3978e-02,  9.1431e-02, -2.3251e-02,  5.2364e-02,
          5.7924e-02, -7.7830e-03, -1.8152e-01, -9.2016e-03,  5.3702e-03,
          6.0242e-03, -8.8334e-03,  4.1545e-02,  9.1225e-03,  1.8138e-03,
         -8.0950e-03, -7.9460e-03,  1.7223e-01,  8.1663e-03,  3.7638e-03,
         -2.9902e-03,  3.8959e-02, -6.5793e-03,  3.4228e-02, -3.4301e-01,
          1.4811e-01,  2.5492e-02,  2.8053e-03,  1.3142e-02,  4.0308e-02,
         -4.3044e-03,  1.1549e-02, -1.1145e-03,  1.7554e-01,  1.0525e-01,
          6.8219e-02,  1.4584e-01, -2.7330e-03, -1.3274e-02,  1.3610e-02,
          2.5135e-04, -1.5941e-02, -6.1212e-03, -1.7284e-02,  9.9122e-03,
          7.9630e-04,  1.7650e-03,  3.6146e-02,  7.0402e-03, -1.5548e-02,
         -3.7574e-03, -9.7685e-03, -1.6747e-02, -1.3203e-01, -3.1887e-03,
          2.0127e-03, -5.9775e-03, -2.7746e-02, -2.1695e-02, -1.6233e-02,
          4.6655e-04,  1.7841e-02,  1.2145e-02,  1.8510e-02,  2.9041e-03,
         -1.2675e-02,  3.3036e-02,  2.0395e-01,  1.3272e-02,  1.5409e-01,
          1.1038e-02, -2.3944e-02, -1.4459e-02,  3.5349e-03,  8.8199e-04,
         -2.0194e-02,  8.1283e-03, -1.1078e-02, -1.9125e-01,  4.8474e-03,
         -8.3254e-03,  7.8722e-04,  7.2336e-02,  1.1841e-02, -4.2427e-03,
          5.7016e-03,  3.4078e-02,  2.5929e-03,  1.2060e-02,  1.6057e-01,
         -5.9513e-04,  1.3909e-02,  4.0007e-02,  2.1342e-03,  5.9322e-03,
          1.3415e-03,  2.0823e-02, -5.8474e-02,  9.3122e-03,  1.5716e-02,
          1.3882e-01, -5.2429e-02, -2.2031e-02,  9.0080e-03,  8.2074e-03,
          7.4130e-03,  8.7610e-03,  7.9675e-02,  1.3532e-02,  5.4169e-04,
         -1.4306e-02,  3.6506e-04,  4.5730e-02,  6.2905e-03,  9.8819e-03,
         -1.3820e-01, -1.8184e-01,  7.5779e-02, -1.4184e-01, -1.6392e-01,
         -1.7348e-01, -2.1762e-01, -1.2933e-03,  1.2445e-02,  4.0764e-02,
          1.3643e-02,  3.9403e-03, -1.0637e-02,  7.0299e-03,  2.3520e-02,
          5.7064e-02,  1.6347e-02,  5.2256e-03, -8.7449e-04, -4.5212e-03,
         -8.7585e-03, -8.7660e-03,  7.9673e-03, -1.2731e-01, -4.1366e-02,
         -5.7282e-03, -6.4028e-04,  1.1507e-02,  2.1014e-01, -3.1212e-02,
          1.0187e-01,  6.0612e-03,  2.1445e-01, -1.8261e-02, -1.9030e-01,
         -8.8346e-02,  3.3036e-02,  1.3126e-02,  6.5490e-04,  2.2676e-01,
          2.3333e-03,  4.2570e-03,  1.8797e-02,  1.0185e-03, -2.0606e-02,
          6.1207e-02,  1.0746e-02, -9.2845e-03, -2.0871e-01, -1.1860e-01,
          5.9715e-02,  1.2179e-02, -8.8261e-03,  1.9913e-02, -4.3294e-03,
          1.9137e-03, -1.1560e-02,  4.4250e-03, -1.6224e-01,  4.7332e-03,
          5.8943e-02,  2.3316e-03, -6.4401e-02, -5.5905e-03,  1.4639e-02,
          3.9921e-03, -2.8829e-02,  7.1734e-02,  6.2813e-03,  1.0924e-02,
         -1.9138e-02,  5.7206e-03, -1.1704e-03, -1.0631e-01,  4.7584e-03,
          1.9041e-02, -6.2103e-03, -1.6931e-01,  1.7521e-03,  1.6426e-03,
          3.0228e-03, -5.3111e-03,  4.2128e-03, -1.3543e-02,  1.3190e-02,
         -1.2254e-02,  3.4265e-02,  1.8618e-01, -3.2713e-02, -1.2058e-01,
          1.3158e-03,  2.6547e-02,  1.1316e-01,  2.4055e-03, -1.2175e-01,
          1.7086e-03,  2.5240e-03, -2.5513e-03, -5.5240e-03,  4.4995e-03,
          9.7847e-03, -4.5491e-03,  7.2515e-03, -6.6286e-02,  1.6578e-03,
          6.2234e-03,  2.5566e-03, -3.8836e-03,  2.0201e-02, -3.9749e-03,
         -1.6567e-01,  1.8789e-03,  8.0575e-03,  8.2743e-02, -1.1096e-02,
          9.3067e-03, -3.0556e-03,  2.1104e-02, -6.1830e-03,  2.0298e-01,
          1.1597e-01,  5.6219e-03,  1.2286e-03, -1.1323e-02,  6.0014e-02,
          3.0063e-02, -5.7097e-03,  9.5839e-03,  3.4514e-04,  1.2421e-02,
         -6.8284e-02, -1.2464e-02,  7.7484e-03, -3.1453e-04,  8.9899e-02,
          4.9475e-02,  1.1591e-01, -6.9612e-03,  5.0092e-03, -2.7382e-03,
         -1.2033e-02,  2.1453e-02, -2.9409e-03,  2.2638e-02,  5.3494e-03,
         -6.8218e-03, -5.0333e-02, -3.8548e-03, -9.2261e-03,  1.3124e-02,
          9.2124e-03,  1.6807e-02,  4.0078e-03, -7.3211e-02, -7.9759e-02,
         -5.5524e-03,  4.3523e-03, -4.2368e-02, -8.5883e-03, -5.1403e-02,
         -6.9507e-02,  1.4221e-02, -7.9142e-03, -1.2118e-01, -1.0487e-01,
          1.0994e-02,  3.4678e-03,  5.8052e-02, -4.0538e-02,  2.6020e-03,
          1.4125e-02, -2.3896e-02, -5.8572e-02, -1.6027e-01,  6.4510e-04,
          1.6321e-02, -1.2780e-02, -9.6762e-04,  7.0949e-03,  5.2140e-02,
         -1.0437e-01, -1.2080e-02,  1.3627e-02, -1.9051e-02,  4.9028e-02,
          1.5600e-02,  8.0756e-02,  2.1769e-01,  1.0982e-02,  2.3975e-02,
          5.7141e-02,  4.0214e-03, -6.8010e-02, -5.7252e-02,  2.8885e-03,
         -1.7656e-02,  4.4274e-03, -3.2620e-03,  1.2694e-02,  2.8495e-02,
          6.6785e-03,  2.9361e-03,  5.6956e-03,  1.7233e-02, -1.0279e-02,
         -7.5971e-02,  6.0957e-02, -6.1104e-03,  7.2699e-02, -3.7190e-02,
         -3.3173e-03, -2.3037e-02,  1.5594e-03,  1.8047e-02,  4.4366e-02,
          4.8726e-03,  1.4387e-01, -9.4830e-03,  1.8229e-02, -5.7211e-03,
          2.1518e-01,  1.0205e-04, -2.8856e-01,  1.0791e-01,  7.8780e-03,
         -1.5843e-02, -7.7551e-04, -1.5000e-03, -1.2624e-02,  3.5054e-02,
          1.6287e-03, -5.5135e-02, -7.4074e-03, -1.5682e-02,  2.5620e-02,
         -3.7298e-02, -7.2728e-03,  1.0613e-02, -2.0061e-02, -1.9766e-02,
          3.8483e-03,  9.6902e-03,  2.6961e-02,  4.7891e-03,  2.8973e-02,
         -4.4236e-02, -2.1576e-02,  1.0321e-03,  8.5438e-03, -1.1099e-01,
         -6.5860e-03, -8.7322e-02, -9.3149e-03,  9.3682e-03,  3.1488e-01,
         -3.8486e-03,  8.4980e-03, -7.7421e-03,  1.2166e-01,  5.4802e-03,
         -1.9444e-03, -5.8478e-03,  2.4555e-03,  8.4884e-03,  5.3158e-02,
         -1.8736e-02,  7.6990e-05,  2.6585e-01,  8.2880e-02,  4.4470e-04,
          4.0732e-03, -2.8080e-03, -3.0538e-02, -3.0857e-03,  1.0726e-03,
         -1.4893e-01,  4.4380e-03, -2.7593e-02, -3.9962e-03,  1.7428e-01,
          1.9933e-02, -1.2897e-01,  1.5868e-02,  7.1997e-03,  4.4232e-02,
         -3.3977e-01, -2.1405e-02, -3.6750e-02, -3.4167e-02, -9.8917e-02,
          9.2378e-03,  1.2846e-01, -5.1476e-02,  1.6613e-01,  1.2676e-02,
         -5.0352e-02,  1.3219e-02, -2.0746e-03,  6.8095e-02, -1.7364e-02,
          4.2587e-03,  1.3186e-02,  1.7916e-03, -4.2235e-02, -3.7256e-03,
          7.6497e-03,  1.5781e-01, -4.2927e-02, -3.6166e-02,  5.4280e-03,
         -1.7216e-03,  3.6000e-02,  2.4667e-03, -2.7590e-01, -6.9267e-03,
          2.9202e-02, -9.6781e-03, -8.4262e-03, -3.2758e-03,  5.1428e-03,
         -9.6309e-03,  2.9631e-02, -7.0924e-03, -5.8261e-03,  1.9029e-01,
          6.0937e-03,  5.2657e-04,  1.6043e-02, -2.5312e-03, -1.0336e-01,
          6.9011e-03,  3.0292e-02,  6.1420e-03, -1.3089e-01, -1.6816e-03,
          3.0249e-02, -6.2091e-02,  6.6188e-03, -6.6448e-02,  9.4947e-03,
          3.8304e-03,  4.6231e-05,  4.8560e-02,  7.3758e-03,  8.2873e-02,
         -4.3120e-02, -2.4673e-02, -2.2711e-04,  2.1606e-02, -3.0512e-02,
          3.9921e-03, -3.7799e-05, -5.3352e-03,  5.7580e-03,  8.3737e-02,
          2.0543e-02, -6.2979e-03,  4.8442e-04,  2.5509e-01,  7.0672e-03,
         -3.3126e-02,  4.7557e-03,  1.1435e-02,  6.1750e-03,  8.5820e-03,
          1.2406e-02,  2.0767e-02,  3.8828e-03,  2.8054e-01,  7.6059e-03,
         -8.7519e-02,  2.0974e-02, -2.8500e-03, -8.6260e-03, -4.6576e-03,
          1.0893e-02,  9.5123e-04,  1.9806e-02, -2.0416e-02,  2.3825e-03,
         -8.2555e-03,  5.4224e-02,  7.8505e-04, -4.2293e-03, -1.3556e-01,
          8.1331e-03,  1.2594e-02, -1.0534e-01,  9.9767e-04,  1.9337e-02,
         -7.6149e-03,  2.6394e-01, -2.4719e-01, -2.0695e-02, -6.8903e-03,
          5.3778e-02, -1.1318e-03, -1.6534e-03,  1.1093e-02, -6.0108e-02,
         -4.1371e-02,  6.6910e-03,  1.4119e-01,  1.4041e-02,  6.6365e-03,
          1.0053e-01, -6.3931e-02,  4.6336e-02,  2.5349e-04,  3.5832e-02,
          4.8799e-02, -2.4842e-02,  1.0381e-02,  1.1226e-02,  1.2671e-03,
          6.3965e-02, -1.0219e-02,  8.8019e-03,  3.3597e-02,  9.1819e-03,
         -1.5140e-02, -5.4926e-03, -3.5628e-03,  3.1196e-03, -2.6927e-02,
         -1.3813e-01, -3.3720e-04,  6.4170e-03,  6.4669e-03, -1.7666e-01,
          2.2192e-02, -2.8279e-03,  3.0999e-03,  7.3494e-03,  4.3876e-03,
         -3.3139e-03, -1.3535e-05,  1.4744e-01,  2.1370e-02,  6.8046e-03,
         -2.8452e-03,  8.1569e-03,  1.6899e-01,  4.1927e-03,  5.7553e-03,
         -5.2264e-03,  1.1079e-02, -1.8713e-02,  6.5698e-02, -3.2301e-02,
          6.6435e-04,  5.8451e-03,  7.3368e-03,  1.4275e-02,  3.4898e-02,
          8.1364e-04,  2.6699e-02, -7.7354e-01, -7.3005e-02,  8.6266e-04,
          5.9055e-02,  3.8287e-02, -1.1366e-01, -6.2050e-02, -9.6552e-03,
          2.3583e-01,  9.0884e-02,  9.6361e-02, -1.1920e-01,  1.5709e-02,
          1.2662e-01,  1.6066e-03,  4.6068e-02, -3.2334e-02, -1.7835e-04,
          3.9738e-03, -1.2539e-02,  5.0595e-03, -7.1103e-03,  4.4942e-03,
         -1.4386e-02,  1.4362e-02,  4.1193e-02, -6.4305e-03, -1.2932e-01,
          8.7261e-04,  8.7434e-03, -9.9670e-02,  8.1730e-02, -3.8274e-03,
          6.8391e-03, -3.8641e-03,  4.9111e-02, -1.6033e-02, -9.9814e-02,
         -2.0042e-02, -5.4679e-02, -7.4551e-03, -2.1190e-01,  2.5429e-02,
          3.7032e-02, -6.4571e-04, -1.7116e-02, -1.8077e-01, -1.9445e-02,
         -7.6645e-02, -1.4734e-02,  1.9810e-06,  1.2004e-02,  2.3417e-03,
          4.8409e-01,  6.9765e-03,  2.2048e-02,  3.7039e-03,  2.1969e-02,
         -6.9648e-02, -4.3337e-03, -1.0242e-02,  7.8988e-03, -1.5008e-02,
         -1.0926e-02,  1.5161e-02,  5.0392e-02, -3.0059e-03, -2.3067e-02,
          5.0987e-03,  8.3516e-04,  2.7905e-03,  6.5694e-03,  9.7757e-03,
         -7.9876e-04,  5.8234e-02,  2.6066e-03, -1.4692e-01,  2.5806e-03,
         -4.1454e-02,  2.5568e-03,  6.5763e-03, -9.0205e-03, -7.9789e-03,
         -1.8033e-03,  3.5339e-02,  1.0525e-02,  1.7915e-01, -1.1609e-02,
          5.4552e-03,  8.6160e-03, -8.5125e-03,  1.7796e-02, -1.6824e-01,
          7.7100e-03, -1.3432e-02, -1.1926e-01,  2.0788e-02, -1.6958e-02,
          4.2451e-03,  5.6588e-03,  3.9414e-02,  2.0473e-02, -3.7351e-02,
          1.8437e-02,  1.2362e-02,  2.0110e-01, -2.2235e-02, -4.7717e-02,
          1.5603e-02,  1.6468e-03,  2.0313e-02, -3.4049e-03, -1.2623e-01,
          6.6903e-02, -2.6980e-01, -4.1751e-01, -3.9118e-02,  1.8774e-01,
          6.1372e-03,  5.4121e-02,  4.1413e-02,  3.8131e-02,  1.4477e-01,
         -2.3792e-02, -3.7460e-02, -2.0548e-03, -1.8799e-01, -5.7643e-03,
          1.0459e-01,  1.6931e-02,  2.0182e-01,  2.1116e-02, -3.3480e-02,
          3.3056e-03, -1.7467e-02,  1.7939e-02,  1.5982e-01, -1.3830e-01,
         -1.9314e-02,  8.7453e-03, -1.3890e-01,  1.4747e-01, -5.1906e-02,
          1.1846e-02,  1.1922e-02,  1.2540e-02, -3.7479e-03, -5.9235e-04,
          2.1909e-01, -3.6019e-03,  3.6196e-03, -2.1991e-03, -1.6136e-02,
         -2.1242e-03,  4.3377e-02,  1.7046e-02,  2.9375e-03, -3.9943e-02,
         -5.8874e-03,  3.2146e-04,  6.6724e-03,  3.6379e-03, -1.3071e-02,
         -2.9212e-02, -1.4811e-02,  1.9024e-02, -1.0029e-01, -1.2281e-01,
          8.7668e-03,  2.5043e-02,  1.2355e-02,  4.1713e-03, -6.9958e-03,
          1.4904e-01,  4.2556e-02, -3.7362e-03, -5.2195e-02,  1.0958e-03,
         -4.6156e-02, -5.0857e-02, -1.1538e-02, -6.5532e-03, -1.2028e-02,
         -2.6420e-02,  8.2822e-02, -1.6711e-02,  2.5664e-02, -2.9930e-03,
          1.3852e-02, -3.5087e-02,  2.2690e-02,  2.3144e-02,  1.5815e-03,
         -8.5493e-03,  2.0664e-02,  2.3264e-02, -1.2381e-03,  4.3577e-02,
         -1.4966e-02,  4.4027e-03, -1.0804e-02, -3.2548e-01, -1.6758e-02,
         -1.2323e-02, -1.1662e-01,  3.2552e-02, -1.7338e-02,  5.2733e-02,
         -7.4327e-02, -1.1275e-02, -9.0025e-03,  1.2612e-02,  8.6205e-03,
         -1.0788e-02,  4.5422e-03,  9.9088e-03,  3.8887e-02,  4.0863e-03,
         -1.0368e-02,  1.4475e-01, -9.6452e-03, -2.9540e-03,  3.2455e-03,
          5.6061e-03,  1.1731e-02, -1.5464e-03, -5.0394e-02, -1.1689e-01,
         -9.8679e-04, -1.1633e-02,  2.0049e-01,  1.0985e-02, -1.3600e-02,
         -7.7454e-03,  1.3908e-02,  2.9721e-03,  1.1207e-02,  2.2214e-03,
          4.7974e-03, -5.8187e-02,  4.5681e-03,  2.8308e-02,  1.9334e-01,
         -3.5766e-04,  7.6114e-03,  3.9293e-03, -4.9704e-03, -3.9922e-02,
         -6.4278e-02,  1.3074e-01, -2.5570e-02,  2.1715e-02, -1.4825e-02,
         -1.8426e-01, -7.4477e-03, -3.0251e-02,  3.2351e-02,  3.1779e-03,
          2.5719e-01, -1.2727e-02, -8.1275e-03,  8.3320e-03,  7.2192e-03,
         -4.1220e-02,  3.2013e-02,  2.0963e-02, -5.3730e-02,  3.4645e-05,
          1.2160e-02,  1.7171e-02,  1.4395e-02,  9.3098e-02, -8.7503e-02,
         -2.0183e-01, -1.0850e-01,  5.3504e-03, -7.4590e-03,  5.3311e-03,
          6.2053e-02, -1.8289e-02, -2.5416e-03, -6.4174e-02,  7.1108e-03,
          1.7634e-02, -3.1809e-01, -1.6561e-02, -3.1216e-03,  1.9212e-02,
          6.5989e-02,  2.7070e-02,  2.1326e-02,  2.0716e-01, -1.2081e-02,
         -1.1396e-02,  6.7750e-02,  5.7285e-05,  3.0944e-02, -3.2315e-03,
          1.4393e-02,  1.6317e-02,  4.4418e-02,  1.4038e-02, -7.3375e-02,
          3.6800e-02, -1.7086e-02, -3.3789e-02,  3.6863e-03,  4.8052e-02,
          6.5052e-03, -4.9536e-02,  8.2525e-02, -1.5929e-02,  1.5954e-03,
          2.0763e-02,  1.7057e-03, -4.4392e-02,  1.0898e-02,  1.0992e-02,
          1.9652e-03, -2.5082e-02, -1.3519e-01,  2.9370e-03,  7.5410e-03,
         -6.8607e-02,  2.9374e-02,  1.1284e-02,  2.8016e-02,  1.6350e-01,
          9.7758e-03, -1.2786e-01, -7.5560e-04,  5.5786e-03, -5.9714e-02,
         -1.7149e-02,  1.5244e-01, -1.6830e-01, -1.1096e-02,  4.3922e-03,
         -2.0964e-02,  1.3583e-01,  3.7725e-03, -4.3524e-02,  2.0861e-02,
          1.4753e-02, -3.9087e-02,  1.7807e-01, -1.0599e-01, -4.2645e-02,
          8.6515e-03,  5.0267e-02,  3.6216e-02,  4.0988e-03,  2.5873e-02,
         -1.4033e-01,  1.5983e-02,  5.9971e-03, -1.8115e-02,  1.1258e-01,
         -2.7196e-03, -9.2368e-03,  7.2441e-03, -1.8744e-02,  3.8001e-02,
          4.9074e-02,  5.6312e-02, -1.2982e-02,  5.4719e-03, -3.3503e-02,
         -3.7340e-01,  2.5348e-02,  1.2530e-02, -9.4260e-03,  6.4178e-03,
          7.4291e-03, -1.1413e-02,  5.8227e-02,  6.9654e-02,  1.4004e-03,
          2.8177e-02,  5.0224e-03,  9.8261e-03, -4.4451e-03,  1.2777e-01,
          3.3990e-03,  1.8964e-02,  5.1225e-02,  2.0890e-02, -7.2229e-03,
         -2.0562e-02, -6.6328e-02, -9.8737e-02, -1.4511e-01,  2.0233e-03,
          2.0279e-02, -1.2847e-02, -2.4128e-02,  4.7165e-03, -1.1954e-02,
         -1.2509e-01,  6.5506e-03, -1.2009e-03, -9.4732e-02, -1.9778e-02,
         -5.0100e-02,  2.0514e-03,  7.5885e-03,  5.0026e-01,  6.8060e-02,
          7.9750e-03,  1.2490e-02, -8.1670e-03, -3.3302e-02, -5.1997e-03,
         -3.8821e-03, -2.5750e-03, -6.3124e-03,  9.2160e-02, -2.1231e-02,
         -1.1171e-02, -7.3578e-02,  8.7320e-03, -9.0584e-02,  7.5794e-03,
          1.3505e-02, -7.0290e-02,  1.0451e-03, -3.3653e-02,  1.7656e-02,
          5.6417e-03,  6.7039e-03, -9.4874e-03,  1.1997e-02, -6.7050e-03,
          2.1150e-02,  1.1668e-01, -2.6537e-02, -1.3626e-02,  3.6814e-03,
         -6.2191e-02, -5.1236e-02,  1.0058e-02, -1.4709e-02, -1.3426e-01,
          5.5857e-02, -1.6786e-02,  2.2761e-03, -2.9580e-03, -1.8589e-02,
         -2.6637e-01,  1.2109e-03,  2.1028e-01,  2.9318e-02,  4.1098e-03,
         -9.5911e-02,  1.2081e-02,  2.0756e-02,  1.2552e-02, -4.5926e-04,
         -2.1043e-02,  5.0269e-02, -1.0162e-02, -3.0982e-02,  5.8097e-03,
         -4.5833e-02,  2.0218e-03,  5.4843e-02, -1.4665e-02, -1.5297e-01,
          5.7180e-03, -3.2015e-03,  1.5875e-03,  4.3779e-04,  1.5863e-03,
          1.3386e-02, -9.2223e-02,  1.0409e-01, -2.6243e-02,  1.5682e-02,
         -1.0164e-01,  6.6662e-04, -1.5158e-01, -1.1312e-02,  1.2174e-01,
          5.3201e-02,  6.0025e-03, -1.6709e-02, -5.5164e-04, -1.1976e-02,
          9.4938e-03,  3.8020e-02,  1.4802e-01, -9.2921e-02, -4.0194e-03,
         -3.7228e-02, -2.9395e-02, -1.4200e-02, -1.0972e-02,  3.3440e-03,
         -2.6416e-03, -1.3120e-03,  1.5310e-02, -2.1424e-02, -6.7570e-02,
          4.2705e-03,  1.8061e-01,  4.3476e-04, -1.1441e-02, -6.7606e-03,
         -2.5841e-03,  8.4842e-04,  2.9086e-03, -1.5719e-03,  4.2085e-02,
         -1.1442e-02, -1.8310e-03, -1.4463e-01,  3.7666e-03, -1.2969e-02,
          1.5201e-02, -1.3223e-01,  5.9357e-03, -3.4916e-03,  4.7688e-03,
         -1.9521e-03,  1.2193e-01, -5.4131e-03, -2.2331e-02, -4.9619e-03,
          8.4732e-03,  1.0491e-02,  3.5066e-03, -5.2461e-02,  1.4397e-03,
         -3.0191e-02,  1.8191e-02,  1.4024e-03, -2.1035e-02, -1.2716e-01,
          2.7659e-01,  3.1694e-02,  2.2679e-04, -1.9601e-02, -1.2671e-01,
         -2.8623e-03,  3.3992e-03,  1.6288e-01, -4.5385e-03,  1.3050e-02,
          3.9585e-03,  1.6299e-02,  1.7039e-03, -2.0876e-01, -5.2466e-03,
          1.7751e-02,  4.0422e-02, -1.8334e-03, -4.6513e-03,  1.8076e-03,
          4.5674e-03, -1.8191e-02, -3.9842e-03,  2.7827e-02,  8.1830e-03,
          1.8293e-02,  7.8484e-03,  1.9415e-02, -9.7670e-03, -6.1549e-02,
          7.5569e-02,  1.6266e-03, -1.1816e-02,  1.2574e-02, -1.1161e-01,
          2.7020e-02,  3.4448e-01,  4.6989e-01,  5.3003e-03,  1.9133e-01,
         -1.3192e-04, -2.4767e-01, -3.1940e-01,  4.6501e-02,  5.2538e-03,
          2.0094e-02, -1.6289e-03, -1.1829e-01,  1.0711e-03,  1.6525e-02,
          4.8081e-03, -2.1235e-02,  3.8916e-03,  7.6281e-03,  1.2000e-02,
          2.4290e-01,  1.5950e-02, -6.5805e-05,  2.3177e-02,  7.9331e-03,
         -6.6131e-02, -2.3235e-03,  4.0348e-02, -7.4931e-03, -1.4254e-02,
         -9.9126e-03,  6.3551e-02,  1.1350e-02, -1.1789e-02,  2.6694e-02,
         -3.2201e-01,  1.4074e-03,  1.1007e-02,  7.0133e-03,  1.8426e-02,
          1.2238e-01,  3.5503e-03, -1.1865e-03, -2.3310e-03, -3.7649e-03,
          4.9255e-02,  5.7873e-03,  1.0172e-02]])tensor([0.0437, 0.0528, 0.0578])