r = [[1.96326666 0.9409473  1.44834292]
 [0.05675076 0.5953916  0.48307109]
 [1.26378749 1.94150561 0.71220359]
 [1.28752983 1.38338106 0.90182096]]: 3.977639185645135e-06
r = [[1.96326666 0.9409473  1.44834292]
 [0.05675076 0.5953916  0.48307109]
 [1.26378749 1.94150561 0.71220359]
 [1.28752983 1.38338106 0.90182096]]: 0.0016150602345338225
r = [[1.96326666 0.9409473  1.44834292]
 [0.05675076 0.5953916  0.48307109]
 [1.26378749 1.94150561 0.71220359]
 [1.28752983 1.38338106 0.90182096]]: 8.677039269449388e-06
r = [[1.96326666 0.9409473  1.44834292]
 [0.05675076 0.5953916  0.48307109]
 [1.26378749 1.94150561 0.71220359]
 [1.28752983 1.38338106 0.90182096]]: 0.00039768360459545093
r = [[1.96326666 0.9409473  1.44834292]
 [0.05675076 0.5953916  0.48307109]
 [1.26378749 1.94150561 0.71220359]
 [1.28752983 1.38338106 0.90182096]]: 0.00028266589807961803
r = [[1.96326666 0.9409473  1.44834292]
 [0.05675076 0.5953916  0.48307109]
 [1.26378749 1.94150561 0.71220359]
 [1.28752983 1.38338106 0.90182096]]: 8.87862753578312e-06
r = [[1.96326666 0.9409473  1.44834292]
 [0.05675076 0.5953916  0.48307109]
 [1.26378749 1.94150561 0.71220359]
 [1.28752983 1.38338106 0.90182096]]: 9.690842099579251e-05
r = [[1.96326666 0.9409473  1.44834292]
 [0.05675076 0.5953916  0.48307109]
 [1.26378749 1.94150561 0.71220359]
 [1.28752983 1.38338106 0.90182096]]: 1.624034920106559e-05
r = [[1.96326666 0.9409473  1.44834292]
 [0.05675076 0.5953916  0.48307109]
 [1.26378749 1.94150561 0.71220359]
 [1.28752983 1.38338106 0.90182096]]: 0.00042902718321004486
r = [[1.96326666 0.9409473  1.44834292]
 [0.05675076 0.5953916  0.48307109]
 [1.26378749 1.94150561 0.71220359]
 [1.28752983 1.38338106 0.90182096]]: 0.0001792003079442241
