r = [[ -8.35721963   3.79366823  -7.81388695]
 [ -4.65249844  -6.16290102  -6.99010578]
 [  0.23937999  -7.71389015   1.36684886]
 [ 11.41226641   7.58944603 -12.09719271]]: 0.0003035032194540171
r = [[ -8.35721963   3.79366823  -7.81388695]
 [ -4.65249844  -6.16290102  -6.99010578]
 [  0.23937999  -7.71389015   1.36684886]
 [ 11.41226641   7.58944603 -12.09719271]]: 0.13049984217754432
r = [[ -8.35721963   3.79366823  -7.81388695]
 [ -4.65249844  -6.16290102  -6.99010578]
 [  0.23937999  -7.71389015   1.36684886]
 [ 11.41226641   7.58944603 -12.09719271]]: 0.009166294243186712
r = [[ -8.35721963   3.79366823  -7.81388695]
 [ -4.65249844  -6.16290102  -6.99010578]
 [  0.23937999  -7.71389015   1.36684886]
 [ 11.41226641   7.58944603 -12.09719271]]: 0.001887046149931848
r = [[ -8.35721963   3.79366823  -7.81388695]
 [ -4.65249844  -6.16290102  -6.99010578]
 [  0.23937999  -7.71389015   1.36684886]
 [ 11.41226641   7.58944603 -12.09719271]]: 0.021592872416866676
r = [[ -8.35721963   3.79366823  -7.81388695]
 [ -4.65249844  -6.16290102  -6.99010578]
 [  0.23937999  -7.71389015   1.36684886]
 [ 11.41226641   7.58944603 -12.09719271]]: 0.034221062170607705
r = [[ -8.35721963   3.79366823  -7.81388695]
 [ -4.65249844  -6.16290102  -6.99010578]
 [  0.23937999  -7.71389015   1.36684886]
 [ 11.41226641   7.58944603 -12.09719271]]: 0.0006297206106994833
r = [[ -8.35721963   3.79366823  -7.81388695]
 [ -4.65249844  -6.16290102  -6.99010578]
 [  0.23937999  -7.71389015   1.36684886]
 [ 11.41226641   7.58944603 -12.09719271]]: 0.03973514333899532
r = [[ -8.35721963   3.79366823  -7.81388695]
 [ -4.65249844  -6.16290102  -6.99010578]
 [  0.23937999  -7.71389015   1.36684886]
 [ 11.41226641   7.58944603 -12.09719271]]: 0.09041162513728652
r = [[ -8.35721963   3.79366823  -7.81388695]
 [ -4.65249844  -6.16290102  -6.99010578]
 [  0.23937999  -7.71389015   1.36684886]
 [ 11.41226641   7.58944603 -12.09719271]]: 0.020189732712294375
