r = [[ 6.70691572 -1.72776115 -0.51241252]
 [-6.71697493  6.99283763 -0.91440066]
 [ 4.58114202  3.85928978 -2.67398505]
 [ 8.01037365  0.96832696 -1.842694  ]]: 0.041867362800985575
r = [[ 6.70691572 -1.72776115 -0.51241252]
 [-6.71697493  6.99283763 -0.91440066]
 [ 4.58114202  3.85928978 -2.67398505]
 [ 8.01037365  0.96832696 -1.842694  ]]: 0.0053064051483358654
r = [[ 6.70691572 -1.72776115 -0.51241252]
 [-6.71697493  6.99283763 -0.91440066]
 [ 4.58114202  3.85928978 -2.67398505]
 [ 8.01037365  0.96832696 -1.842694  ]]: 0.00016072669157957925
r = [[ 6.70691572 -1.72776115 -0.51241252]
 [-6.71697493  6.99283763 -0.91440066]
 [ 4.58114202  3.85928978 -2.67398505]
 [ 8.01037365  0.96832696 -1.842694  ]]: 0.016671245618324195
r = [[ 6.70691572 -1.72776115 -0.51241252]
 [-6.71697493  6.99283763 -0.91440066]
 [ 4.58114202  3.85928978 -2.67398505]
 [ 8.01037365  0.96832696 -1.842694  ]]: 0.01637752616911062
r = [[ 6.70691572 -1.72776115 -0.51241252]
 [-6.71697493  6.99283763 -0.91440066]
 [ 4.58114202  3.85928978 -2.67398505]
 [ 8.01037365  0.96832696 -1.842694  ]]: 0.0003812705856814448
r = [[ 6.70691572 -1.72776115 -0.51241252]
 [-6.71697493  6.99283763 -0.91440066]
 [ 4.58114202  3.85928978 -2.67398505]
 [ 8.01037365  0.96832696 -1.842694  ]]: 0.006075021478214434
r = [[ 6.70691572 -1.72776115 -0.51241252]
 [-6.71697493  6.99283763 -0.91440066]
 [ 4.58114202  3.85928978 -2.67398505]
 [ 8.01037365  0.96832696 -1.842694  ]]: 0.08594699669629335
r = [[ 6.70691572 -1.72776115 -0.51241252]
 [-6.71697493  6.99283763 -0.91440066]
 [ 4.58114202  3.85928978 -2.67398505]
 [ 8.01037365  0.96832696 -1.842694  ]]: 0.002909327083865979
r = [[ 6.70691572 -1.72776115 -0.51241252]
 [-6.71697493  6.99283763 -0.91440066]
 [ 4.58114202  3.85928978 -2.67398505]
 [ 8.01037365  0.96832696 -1.842694  ]]: 0.0003969935392628291
