r = [[0.40931844 1.46373467 0.85808371]
 [0.31931975 1.60352453 0.9624762 ]
 [1.89775424 0.80652269 0.81555642]
 [1.28671482 1.69716546 0.07457414]]: 3.482212975671116e-05
r = [[0.40931844 1.46373467 0.85808371]
 [0.31931975 1.60352453 0.9624762 ]
 [1.89775424 0.80652269 0.81555642]
 [1.28671482 1.69716546 0.07457414]]: 7.320665320418941e-06
r = [[0.40931844 1.46373467 0.85808371]
 [0.31931975 1.60352453 0.9624762 ]
 [1.89775424 0.80652269 0.81555642]
 [1.28671482 1.69716546 0.07457414]]: 0.0011019669722632638
r = [[0.40931844 1.46373467 0.85808371]
 [0.31931975 1.60352453 0.9624762 ]
 [1.89775424 0.80652269 0.81555642]
 [1.28671482 1.69716546 0.07457414]]: 2.514288861935451e-06
r = [[0.40931844 1.46373467 0.85808371]
 [0.31931975 1.60352453 0.9624762 ]
 [1.89775424 0.80652269 0.81555642]
 [1.28671482 1.69716546 0.07457414]]: 0.00038624702990221394
r = [[0.40931844 1.46373467 0.85808371]
 [0.31931975 1.60352453 0.9624762 ]
 [1.89775424 0.80652269 0.81555642]
 [1.28671482 1.69716546 0.07457414]]: 0.0002098100669952276
r = [[0.40931844 1.46373467 0.85808371]
 [0.31931975 1.60352453 0.9624762 ]
 [1.89775424 0.80652269 0.81555642]
 [1.28671482 1.69716546 0.07457414]]: 5.9354485139400435e-05
r = [[0.40931844 1.46373467 0.85808371]
 [0.31931975 1.60352453 0.9624762 ]
 [1.89775424 0.80652269 0.81555642]
 [1.28671482 1.69716546 0.07457414]]: 3.124153590761125e-05
r = [[0.40931844 1.46373467 0.85808371]
 [0.31931975 1.60352453 0.9624762 ]
 [1.89775424 0.80652269 0.81555642]
 [1.28671482 1.69716546 0.07457414]]: 0.00011416046254453249
r = [[0.40931844 1.46373467 0.85808371]
 [0.31931975 1.60352453 0.9624762 ]
 [1.89775424 0.80652269 0.81555642]
 [1.28671482 1.69716546 0.07457414]]: 0.0004650576156564057
