r = [[1.38981112 0.29336803 1.50444849]
 [0.92179739 1.8758046  1.00043555]
 [0.75080736 0.06256517 1.176418  ]
 [0.07703149 1.36186678 1.57846903]]: 9.46906805308702e-06
r = [[1.38981112 0.29336803 1.50444849]
 [0.92179739 1.8758046  1.00043555]
 [0.75080736 0.06256517 1.176418  ]
 [0.07703149 1.36186678 1.57846903]]: 2.6032545585102135e-05
r = [[1.38981112 0.29336803 1.50444849]
 [0.92179739 1.8758046  1.00043555]
 [0.75080736 0.06256517 1.176418  ]
 [0.07703149 1.36186678 1.57846903]]: 0.00028108511729182543
r = [[1.38981112 0.29336803 1.50444849]
 [0.92179739 1.8758046  1.00043555]
 [0.75080736 0.06256517 1.176418  ]
 [0.07703149 1.36186678 1.57846903]]: 0.00010384005976707808
r = [[1.38981112 0.29336803 1.50444849]
 [0.92179739 1.8758046  1.00043555]
 [0.75080736 0.06256517 1.176418  ]
 [0.07703149 1.36186678 1.57846903]]: 9.876168535681376e-06
r = [[1.38981112 0.29336803 1.50444849]
 [0.92179739 1.8758046  1.00043555]
 [0.75080736 0.06256517 1.176418  ]
 [0.07703149 1.36186678 1.57846903]]: 5.025703493239624e-06
r = [[1.38981112 0.29336803 1.50444849]
 [0.92179739 1.8758046  1.00043555]
 [0.75080736 0.06256517 1.176418  ]
 [0.07703149 1.36186678 1.57846903]]: 0.00031329406868150855
r = [[1.38981112 0.29336803 1.50444849]
 [0.92179739 1.8758046  1.00043555]
 [0.75080736 0.06256517 1.176418  ]
 [0.07703149 1.36186678 1.57846903]]: 0.0011206058781161638
r = [[1.38981112 0.29336803 1.50444849]
 [0.92179739 1.8758046  1.00043555]
 [0.75080736 0.06256517 1.176418  ]
 [0.07703149 1.36186678 1.57846903]]: 0.00023291456143072407
r = [[1.38981112 0.29336803 1.50444849]
 [0.92179739 1.8758046  1.00043555]
 [0.75080736 0.06256517 1.176418  ]
 [0.07703149 1.36186678 1.57846903]]: 2.957513619808846e-05
