r = [[-3.50859428 -3.96810536  9.17535233]
 [-1.89737918  7.98265513 -5.47725776]
 [ 5.76913765 -2.3942902  -9.46303757]
 [ 2.60955976  2.05140908 -7.42839201]]: 0.010287889778347952
r = [[-3.50859428 -3.96810536  9.17535233]
 [-1.89737918  7.98265513 -5.47725776]
 [ 5.76913765 -2.3942902  -9.46303757]
 [ 2.60955976  2.05140908 -7.42839201]]: 0.007483604189474136
r = [[-3.50859428 -3.96810536  9.17535233]
 [-1.89737918  7.98265513 -5.47725776]
 [ 5.76913765 -2.3942902  -9.46303757]
 [ 2.60955976  2.05140908 -7.42839201]]: 0.035957958116861324
r = [[-3.50859428 -3.96810536  9.17535233]
 [-1.89737918  7.98265513 -5.47725776]
 [ 5.76913765 -2.3942902  -9.46303757]
 [ 2.60955976  2.05140908 -7.42839201]]: 0.00017791572359523604
r = [[-3.50859428 -3.96810536  9.17535233]
 [-1.89737918  7.98265513 -5.47725776]
 [ 5.76913765 -2.3942902  -9.46303757]
 [ 2.60955976  2.05140908 -7.42839201]]: 0.0269574667327106
r = [[-3.50859428 -3.96810536  9.17535233]
 [-1.89737918  7.98265513 -5.47725776]
 [ 5.76913765 -2.3942902  -9.46303757]
 [ 2.60955976  2.05140908 -7.42839201]]: 0.03036285231688193
r = [[-3.50859428 -3.96810536  9.17535233]
 [-1.89737918  7.98265513 -5.47725776]
 [ 5.76913765 -2.3942902  -9.46303757]
 [ 2.60955976  2.05140908 -7.42839201]]: 0.000615677609208173
r = [[-3.50859428 -3.96810536  9.17535233]
 [-1.89737918  7.98265513 -5.47725776]
 [ 5.76913765 -2.3942902  -9.46303757]
 [ 2.60955976  2.05140908 -7.42839201]]: 0.010962678768139864
r = [[-3.50859428 -3.96810536  9.17535233]
 [-1.89737918  7.98265513 -5.47725776]
 [ 5.76913765 -2.3942902  -9.46303757]
 [ 2.60955976  2.05140908 -7.42839201]]: 0.0009503939405216702
r = [[-3.50859428 -3.96810536  9.17535233]
 [-1.89737918  7.98265513 -5.47725776]
 [ 5.76913765 -2.3942902  -9.46303757]
 [ 2.60955976  2.05140908 -7.42839201]]: 0.0003546364834099742
