r = [[1.43140728 0.15173305 0.43963699]
 [0.0561873  1.56156369 0.18977428]
 [1.10727505 0.26948404 1.06507577]
 [1.45955668 1.76265952 1.5526947 ]]: 1.812140128874619e-05
r = [[1.43140728 0.15173305 0.43963699]
 [0.0561873  1.56156369 0.18977428]
 [1.10727505 0.26948404 1.06507577]
 [1.45955668 1.76265952 1.5526947 ]]: 6.316954162295068e-07
r = [[1.43140728 0.15173305 0.43963699]
 [0.0561873  1.56156369 0.18977428]
 [1.10727505 0.26948404 1.06507577]
 [1.45955668 1.76265952 1.5526947 ]]: 7.929233314436195e-05
r = [[1.43140728 0.15173305 0.43963699]
 [0.0561873  1.56156369 0.18977428]
 [1.10727505 0.26948404 1.06507577]
 [1.45955668 1.76265952 1.5526947 ]]: 3.0149972189974505e-06
r = [[1.43140728 0.15173305 0.43963699]
 [0.0561873  1.56156369 0.18977428]
 [1.10727505 0.26948404 1.06507577]
 [1.45955668 1.76265952 1.5526947 ]]: 0.0012242266529938206
r = [[1.43140728 0.15173305 0.43963699]
 [0.0561873  1.56156369 0.18977428]
 [1.10727505 0.26948404 1.06507577]
 [1.45955668 1.76265952 1.5526947 ]]: 0.0006784201032132842
r = [[1.43140728 0.15173305 0.43963699]
 [0.0561873  1.56156369 0.18977428]
 [1.10727505 0.26948404 1.06507577]
 [1.45955668 1.76265952 1.5526947 ]]: 0.00044607245633544935
r = [[1.43140728 0.15173305 0.43963699]
 [0.0561873  1.56156369 0.18977428]
 [1.10727505 0.26948404 1.06507577]
 [1.45955668 1.76265952 1.5526947 ]]: 0.0007070987776387483
r = [[1.43140728 0.15173305 0.43963699]
 [0.0561873  1.56156369 0.18977428]
 [1.10727505 0.26948404 1.06507577]
 [1.45955668 1.76265952 1.5526947 ]]: 6.3987987297358425e-06
r = [[1.43140728 0.15173305 0.43963699]
 [0.0561873  1.56156369 0.18977428]
 [1.10727505 0.26948404 1.06507577]
 [1.45955668 1.76265952 1.5526947 ]]: 0.0006588972298361893
