r = [[1.78265559 0.69675458 1.32180406]
 [0.82013266 1.70374718 0.30353322]
 [0.73512147 1.77699049 0.88867611]
 [0.64670004 0.5572613  1.5150799 ]]: 0.0005897553330994144
r = [[1.78265559 0.69675458 1.32180406]
 [0.82013266 1.70374718 0.30353322]
 [0.73512147 1.77699049 0.88867611]
 [0.64670004 0.5572613  1.5150799 ]]: 2.3676170469246116e-06
r = [[1.78265559 0.69675458 1.32180406]
 [0.82013266 1.70374718 0.30353322]
 [0.73512147 1.77699049 0.88867611]
 [0.64670004 0.5572613  1.5150799 ]]: 4.353743939386082e-05
r = [[1.78265559 0.69675458 1.32180406]
 [0.82013266 1.70374718 0.30353322]
 [0.73512147 1.77699049 0.88867611]
 [0.64670004 0.5572613  1.5150799 ]]: 1.1094999706529052e-05
r = [[1.78265559 0.69675458 1.32180406]
 [0.82013266 1.70374718 0.30353322]
 [0.73512147 1.77699049 0.88867611]
 [0.64670004 0.5572613  1.5150799 ]]: 1.1039214639043036e-05
r = [[1.78265559 0.69675458 1.32180406]
 [0.82013266 1.70374718 0.30353322]
 [0.73512147 1.77699049 0.88867611]
 [0.64670004 0.5572613  1.5150799 ]]: 0.0008720978969774608
r = [[1.78265559 0.69675458 1.32180406]
 [0.82013266 1.70374718 0.30353322]
 [0.73512147 1.77699049 0.88867611]
 [0.64670004 0.5572613  1.5150799 ]]: 0.00018732050791316266
r = [[1.78265559 0.69675458 1.32180406]
 [0.82013266 1.70374718 0.30353322]
 [0.73512147 1.77699049 0.88867611]
 [0.64670004 0.5572613  1.5150799 ]]: 0.0006620731193314506
r = [[1.78265559 0.69675458 1.32180406]
 [0.82013266 1.70374718 0.30353322]
 [0.73512147 1.77699049 0.88867611]
 [0.64670004 0.5572613  1.5150799 ]]: 3.882172823718325e-06
r = [[1.78265559 0.69675458 1.32180406]
 [0.82013266 1.70374718 0.30353322]
 [0.73512147 1.77699049 0.88867611]
 [0.64670004 0.5572613  1.5150799 ]]: 0.0006931354697111861
