r = [[ -5.9645789    6.44272699   4.75893261]
 [ -5.33494944  -0.28113604  -3.96559142]
 [  0.90053663   1.40814913 -11.23579003]
 [ -2.61106614 -11.44031155  -9.59839789]]: 0.0024514986559682128
r = [[ -5.9645789    6.44272699   4.75893261]
 [ -5.33494944  -0.28113604  -3.96559142]
 [  0.90053663   1.40814913 -11.23579003]
 [ -2.61106614 -11.44031155  -9.59839789]]: 0.013980513671413064
r = [[ -5.9645789    6.44272699   4.75893261]
 [ -5.33494944  -0.28113604  -3.96559142]
 [  0.90053663   1.40814913 -11.23579003]
 [ -2.61106614 -11.44031155  -9.59839789]]: 0.0694826017799122
r = [[ -5.9645789    6.44272699   4.75893261]
 [ -5.33494944  -0.28113604  -3.96559142]
 [  0.90053663   1.40814913 -11.23579003]
 [ -2.61106614 -11.44031155  -9.59839789]]: 0.13427663035690784
r = [[ -5.9645789    6.44272699   4.75893261]
 [ -5.33494944  -0.28113604  -3.96559142]
 [  0.90053663   1.40814913 -11.23579003]
 [ -2.61106614 -11.44031155  -9.59839789]]: 0.0009674548138199108
r = [[ -5.9645789    6.44272699   4.75893261]
 [ -5.33494944  -0.28113604  -3.96559142]
 [  0.90053663   1.40814913 -11.23579003]
 [ -2.61106614 -11.44031155  -9.59839789]]: 0.00033689891487093907
r = [[ -5.9645789    6.44272699   4.75893261]
 [ -5.33494944  -0.28113604  -3.96559142]
 [  0.90053663   1.40814913 -11.23579003]
 [ -2.61106614 -11.44031155  -9.59839789]]: 0.004922573130378234
r = [[ -5.9645789    6.44272699   4.75893261]
 [ -5.33494944  -0.28113604  -3.96559142]
 [  0.90053663   1.40814913 -11.23579003]
 [ -2.61106614 -11.44031155  -9.59839789]]: 0.0003122003191882478
r = [[ -5.9645789    6.44272699   4.75893261]
 [ -5.33494944  -0.28113604  -3.96559142]
 [  0.90053663   1.40814913 -11.23579003]
 [ -2.61106614 -11.44031155  -9.59839789]]: 0.0014350910039086426
r = [[ -5.9645789    6.44272699   4.75893261]
 [ -5.33494944  -0.28113604  -3.96559142]
 [  0.90053663   1.40814913 -11.23579003]
 [ -2.61106614 -11.44031155  -9.59839789]]: 0.0006366318141642426
