r = [[  1.35733289   1.26906168  -3.34508186]
 [ -2.97967597   1.10069756   2.41319446]
 [  2.15544966   7.57239484 -10.54969527]
 [  7.95372747  -2.97084124  -8.31650504]]: 0.0025124723657167385
r = [[  1.35733289   1.26906168  -3.34508186]
 [ -2.97967597   1.10069756   2.41319446]
 [  2.15544966   7.57239484 -10.54969527]
 [  7.95372747  -2.97084124  -8.31650504]]: 0.00030068632518772835
r = [[  1.35733289   1.26906168  -3.34508186]
 [ -2.97967597   1.10069756   2.41319446]
 [  2.15544966   7.57239484 -10.54969527]
 [  7.95372747  -2.97084124  -8.31650504]]: 0.04697462167989995
r = [[  1.35733289   1.26906168  -3.34508186]
 [ -2.97967597   1.10069756   2.41319446]
 [  2.15544966   7.57239484 -10.54969527]
 [  7.95372747  -2.97084124  -8.31650504]]: 0.0011506011194017316
r = [[  1.35733289   1.26906168  -3.34508186]
 [ -2.97967597   1.10069756   2.41319446]
 [  2.15544966   7.57239484 -10.54969527]
 [  7.95372747  -2.97084124  -8.31650504]]: 0.011791587474622897
r = [[  1.35733289   1.26906168  -3.34508186]
 [ -2.97967597   1.10069756   2.41319446]
 [  2.15544966   7.57239484 -10.54969527]
 [  7.95372747  -2.97084124  -8.31650504]]: 0.0023081456144739476
r = [[  1.35733289   1.26906168  -3.34508186]
 [ -2.97967597   1.10069756   2.41319446]
 [  2.15544966   7.57239484 -10.54969527]
 [  7.95372747  -2.97084124  -8.31650504]]: 0.014722519354628665
r = [[  1.35733289   1.26906168  -3.34508186]
 [ -2.97967597   1.10069756   2.41319446]
 [  2.15544966   7.57239484 -10.54969527]
 [  7.95372747  -2.97084124  -8.31650504]]: 0.04921372740396431
r = [[  1.35733289   1.26906168  -3.34508186]
 [ -2.97967597   1.10069756   2.41319446]
 [  2.15544966   7.57239484 -10.54969527]
 [  7.95372747  -2.97084124  -8.31650504]]: 0.00014167750902873064
r = [[  1.35733289   1.26906168  -3.34508186]
 [ -2.97967597   1.10069756   2.41319446]
 [  2.15544966   7.57239484 -10.54969527]
 [  7.95372747  -2.97084124  -8.31650504]]: 0.0003742206567299685
