r = [[ 2.92677105  1.18717769 -1.40568231]
 [ 4.9162572   3.79357138 -2.4197184 ]
 [ 4.30216592 10.87875293 -9.53983728]
 [-1.63025095 11.28100444 -0.64242413]]: 0.003847335764606084
r = [[ 2.92677105  1.18717769 -1.40568231]
 [ 4.9162572   3.79357138 -2.4197184 ]
 [ 4.30216592 10.87875293 -9.53983728]
 [-1.63025095 11.28100444 -0.64242413]]: 0.08075897196041686
r = [[ 2.92677105  1.18717769 -1.40568231]
 [ 4.9162572   3.79357138 -2.4197184 ]
 [ 4.30216592 10.87875293 -9.53983728]
 [-1.63025095 11.28100444 -0.64242413]]: 0.14025322188224112
r = [[ 2.92677105  1.18717769 -1.40568231]
 [ 4.9162572   3.79357138 -2.4197184 ]
 [ 4.30216592 10.87875293 -9.53983728]
 [-1.63025095 11.28100444 -0.64242413]]: 0.004138324451300183
r = [[ 2.92677105  1.18717769 -1.40568231]
 [ 4.9162572   3.79357138 -2.4197184 ]
 [ 4.30216592 10.87875293 -9.53983728]
 [-1.63025095 11.28100444 -0.64242413]]: 0.02612809554141547
r = [[ 2.92677105  1.18717769 -1.40568231]
 [ 4.9162572   3.79357138 -2.4197184 ]
 [ 4.30216592 10.87875293 -9.53983728]
 [-1.63025095 11.28100444 -0.64242413]]: 0.04104652129379766
r = [[ 2.92677105  1.18717769 -1.40568231]
 [ 4.9162572   3.79357138 -2.4197184 ]
 [ 4.30216592 10.87875293 -9.53983728]
 [-1.63025095 11.28100444 -0.64242413]]: 0.0054890371726027554
r = [[ 2.92677105  1.18717769 -1.40568231]
 [ 4.9162572   3.79357138 -2.4197184 ]
 [ 4.30216592 10.87875293 -9.53983728]
 [-1.63025095 11.28100444 -0.64242413]]: 0.040449570531823804
r = [[ 2.92677105  1.18717769 -1.40568231]
 [ 4.9162572   3.79357138 -2.4197184 ]
 [ 4.30216592 10.87875293 -9.53983728]
 [-1.63025095 11.28100444 -0.64242413]]: 0.002235763460963166
r = [[ 2.92677105  1.18717769 -1.40568231]
 [ 4.9162572   3.79357138 -2.4197184 ]
 [ 4.30216592 10.87875293 -9.53983728]
 [-1.63025095 11.28100444 -0.64242413]]: 0.008494528077010597
