r = [[1.50848291 1.85992614 0.66546441]
 [1.45556324 1.08326524 1.26021736]
 [0.17643505 1.12860114 0.19202026]
 [0.48213269 1.92803332 0.57922159]]: 2.934415416737985e-05
r = [[1.50848291 1.85992614 0.66546441]
 [1.45556324 1.08326524 1.26021736]
 [0.17643505 1.12860114 0.19202026]
 [0.48213269 1.92803332 0.57922159]]: 5.325686314401017e-05
r = [[1.50848291 1.85992614 0.66546441]
 [1.45556324 1.08326524 1.26021736]
 [0.17643505 1.12860114 0.19202026]
 [0.48213269 1.92803332 0.57922159]]: 7.162571273511276e-05
r = [[1.50848291 1.85992614 0.66546441]
 [1.45556324 1.08326524 1.26021736]
 [0.17643505 1.12860114 0.19202026]
 [0.48213269 1.92803332 0.57922159]]: 6.072248379496159e-05
r = [[1.50848291 1.85992614 0.66546441]
 [1.45556324 1.08326524 1.26021736]
 [0.17643505 1.12860114 0.19202026]
 [0.48213269 1.92803332 0.57922159]]: 5.350445690055494e-06
r = [[1.50848291 1.85992614 0.66546441]
 [1.45556324 1.08326524 1.26021736]
 [0.17643505 1.12860114 0.19202026]
 [0.48213269 1.92803332 0.57922159]]: 0.0013989540374106063
r = [[1.50848291 1.85992614 0.66546441]
 [1.45556324 1.08326524 1.26021736]
 [0.17643505 1.12860114 0.19202026]
 [0.48213269 1.92803332 0.57922159]]: 2.3779197038363365e-05
r = [[1.50848291 1.85992614 0.66546441]
 [1.45556324 1.08326524 1.26021736]
 [0.17643505 1.12860114 0.19202026]
 [0.48213269 1.92803332 0.57922159]]: 2.773438885534623e-06
r = [[1.50848291 1.85992614 0.66546441]
 [1.45556324 1.08326524 1.26021736]
 [0.17643505 1.12860114 0.19202026]
 [0.48213269 1.92803332 0.57922159]]: 3.0497339009473633e-05
r = [[1.50848291 1.85992614 0.66546441]
 [1.45556324 1.08326524 1.26021736]
 [0.17643505 1.12860114 0.19202026]
 [0.48213269 1.92803332 0.57922159]]: 0.00031257600910196615
