r = [[1.2286697  1.15079575 1.98393404]
 [0.31578346 1.41556205 1.903664  ]
 [0.65018468 1.61920778 0.33540455]
 [0.07793145 0.98958243 1.56934167]]: 3.6054453110929376e-05
r = [[1.2286697  1.15079575 1.98393404]
 [0.31578346 1.41556205 1.903664  ]
 [0.65018468 1.61920778 0.33540455]
 [0.07793145 0.98958243 1.56934167]]: 6.774847627509319e-05
r = [[1.2286697  1.15079575 1.98393404]
 [0.31578346 1.41556205 1.903664  ]
 [0.65018468 1.61920778 0.33540455]
 [0.07793145 0.98958243 1.56934167]]: 0.0014734116515942983
r = [[1.2286697  1.15079575 1.98393404]
 [0.31578346 1.41556205 1.903664  ]
 [0.65018468 1.61920778 0.33540455]
 [0.07793145 0.98958243 1.56934167]]: 1.582637391298444e-06
r = [[1.2286697  1.15079575 1.98393404]
 [0.31578346 1.41556205 1.903664  ]
 [0.65018468 1.61920778 0.33540455]
 [0.07793145 0.98958243 1.56934167]]: 9.905824013653078e-05
r = [[1.2286697  1.15079575 1.98393404]
 [0.31578346 1.41556205 1.903664  ]
 [0.65018468 1.61920778 0.33540455]
 [0.07793145 0.98958243 1.56934167]]: 1.2714171556841132e-06
r = [[1.2286697  1.15079575 1.98393404]
 [0.31578346 1.41556205 1.903664  ]
 [0.65018468 1.61920778 0.33540455]
 [0.07793145 0.98958243 1.56934167]]: 0.0001124307244546279
r = [[1.2286697  1.15079575 1.98393404]
 [0.31578346 1.41556205 1.903664  ]
 [0.65018468 1.61920778 0.33540455]
 [0.07793145 0.98958243 1.56934167]]: 2.4651595335204287e-06
r = [[1.2286697  1.15079575 1.98393404]
 [0.31578346 1.41556205 1.903664  ]
 [0.65018468 1.61920778 0.33540455]
 [0.07793145 0.98958243 1.56934167]]: 0.0012052746086348115
r = [[1.2286697  1.15079575 1.98393404]
 [0.31578346 1.41556205 1.903664  ]
 [0.65018468 1.61920778 0.33540455]
 [0.07793145 0.98958243 1.56934167]]: 1.910909902237888e-05
