r = [[ -1.6976629   -0.85898911  -4.10304097]
 [ -3.6022749    8.3708261   -5.57431743]
 [ -4.95676362 -10.7018235    0.76129275]
 [ -2.82416628 -17.94850748  -9.74342304]]: 0.0014997448888607323
r = [[ -1.6976629   -0.85898911  -4.10304097]
 [ -3.6022749    8.3708261   -5.57431743]
 [ -4.95676362 -10.7018235    0.76129275]
 [ -2.82416628 -17.94850748  -9.74342304]]: 0.014249174656080348
r = [[ -1.6976629   -0.85898911  -4.10304097]
 [ -3.6022749    8.3708261   -5.57431743]
 [ -4.95676362 -10.7018235    0.76129275]
 [ -2.82416628 -17.94850748  -9.74342304]]: 0.0008412822914708938
r = [[ -1.6976629   -0.85898911  -4.10304097]
 [ -3.6022749    8.3708261   -5.57431743]
 [ -4.95676362 -10.7018235    0.76129275]
 [ -2.82416628 -17.94850748  -9.74342304]]: 0.03290205455518195
r = [[ -1.6976629   -0.85898911  -4.10304097]
 [ -3.6022749    8.3708261   -5.57431743]
 [ -4.95676362 -10.7018235    0.76129275]
 [ -2.82416628 -17.94850748  -9.74342304]]: 0.01364399103580841
r = [[ -1.6976629   -0.85898911  -4.10304097]
 [ -3.6022749    8.3708261   -5.57431743]
 [ -4.95676362 -10.7018235    0.76129275]
 [ -2.82416628 -17.94850748  -9.74342304]]: 0.0038161570888145696
r = [[ -1.6976629   -0.85898911  -4.10304097]
 [ -3.6022749    8.3708261   -5.57431743]
 [ -4.95676362 -10.7018235    0.76129275]
 [ -2.82416628 -17.94850748  -9.74342304]]: 0.025312643431659256
r = [[ -1.6976629   -0.85898911  -4.10304097]
 [ -3.6022749    8.3708261   -5.57431743]
 [ -4.95676362 -10.7018235    0.76129275]
 [ -2.82416628 -17.94850748  -9.74342304]]: 0.09135570496852909
r = [[ -1.6976629   -0.85898911  -4.10304097]
 [ -3.6022749    8.3708261   -5.57431743]
 [ -4.95676362 -10.7018235    0.76129275]
 [ -2.82416628 -17.94850748  -9.74342304]]: 0.0014139658638409206
r = [[ -1.6976629   -0.85898911  -4.10304097]
 [ -3.6022749    8.3708261   -5.57431743]
 [ -4.95676362 -10.7018235    0.76129275]
 [ -2.82416628 -17.94850748  -9.74342304]]: 0.00139079345223893
