r = [[  1.28841418 -16.31716215   2.33377662]
 [ -5.63457966  13.77253301   9.34273319]
 [ 12.70514705  -4.8853814   12.7125996 ]
 [ -2.56847758 -10.55556556  13.02484371]]: 0.016461850443322743
r = [[  1.28841418 -16.31716215   2.33377662]
 [ -5.63457966  13.77253301   9.34273319]
 [ 12.70514705  -4.8853814   12.7125996 ]
 [ -2.56847758 -10.55556556  13.02484371]]: 0.01687387829380376
r = [[  1.28841418 -16.31716215   2.33377662]
 [ -5.63457966  13.77253301   9.34273319]
 [ 12.70514705  -4.8853814   12.7125996 ]
 [ -2.56847758 -10.55556556  13.02484371]]: 0.00017277149891015142
r = [[  1.28841418 -16.31716215   2.33377662]
 [ -5.63457966  13.77253301   9.34273319]
 [ 12.70514705  -4.8853814   12.7125996 ]
 [ -2.56847758 -10.55556556  13.02484371]]: 0.0017547773480016207
r = [[  1.28841418 -16.31716215   2.33377662]
 [ -5.63457966  13.77253301   9.34273319]
 [ 12.70514705  -4.8853814   12.7125996 ]
 [ -2.56847758 -10.55556556  13.02484371]]: 0.01185713876371405
r = [[  1.28841418 -16.31716215   2.33377662]
 [ -5.63457966  13.77253301   9.34273319]
 [ 12.70514705  -4.8853814   12.7125996 ]
 [ -2.56847758 -10.55556556  13.02484371]]: 0.07525912060269288
r = [[  1.28841418 -16.31716215   2.33377662]
 [ -5.63457966  13.77253301   9.34273319]
 [ 12.70514705  -4.8853814   12.7125996 ]
 [ -2.56847758 -10.55556556  13.02484371]]: 0.004410638956220022
r = [[  1.28841418 -16.31716215   2.33377662]
 [ -5.63457966  13.77253301   9.34273319]
 [ 12.70514705  -4.8853814   12.7125996 ]
 [ -2.56847758 -10.55556556  13.02484371]]: 0.012730881471985154
r = [[  1.28841418 -16.31716215   2.33377662]
 [ -5.63457966  13.77253301   9.34273319]
 [ 12.70514705  -4.8853814   12.7125996 ]
 [ -2.56847758 -10.55556556  13.02484371]]: 0.004913262174730855
r = [[  1.28841418 -16.31716215   2.33377662]
 [ -5.63457966  13.77253301   9.34273319]
 [ 12.70514705  -4.8853814   12.7125996 ]
 [ -2.56847758 -10.55556556  13.02484371]]: 0.08731546279575143
