r = [[1.40829489 1.79335586 1.82028969]
 [0.12339003 0.84914712 1.51807456]
 [1.1070843  0.72810305 1.95078494]
 [1.61421901 1.33817694 1.33860717]]: 1.9109869754174724e-05
r = [[1.40829489 1.79335586 1.82028969]
 [0.12339003 0.84914712 1.51807456]
 [1.1070843  0.72810305 1.95078494]
 [1.61421901 1.33817694 1.33860717]]: 1.796914005223828e-05
r = [[1.40829489 1.79335586 1.82028969]
 [0.12339003 0.84914712 1.51807456]
 [1.1070843  0.72810305 1.95078494]
 [1.61421901 1.33817694 1.33860717]]: 1.0491513583994155e-05
r = [[1.40829489 1.79335586 1.82028969]
 [0.12339003 0.84914712 1.51807456]
 [1.1070843  0.72810305 1.95078494]
 [1.61421901 1.33817694 1.33860717]]: 0.0008242164590878279
r = [[1.40829489 1.79335586 1.82028969]
 [0.12339003 0.84914712 1.51807456]
 [1.1070843  0.72810305 1.95078494]
 [1.61421901 1.33817694 1.33860717]]: 0.00011746140522258688
r = [[1.40829489 1.79335586 1.82028969]
 [0.12339003 0.84914712 1.51807456]
 [1.1070843  0.72810305 1.95078494]
 [1.61421901 1.33817694 1.33860717]]: 0.00012510321136817635
r = [[1.40829489 1.79335586 1.82028969]
 [0.12339003 0.84914712 1.51807456]
 [1.1070843  0.72810305 1.95078494]
 [1.61421901 1.33817694 1.33860717]]: 7.813036323308811e-06
r = [[1.40829489 1.79335586 1.82028969]
 [0.12339003 0.84914712 1.51807456]
 [1.1070843  0.72810305 1.95078494]
 [1.61421901 1.33817694 1.33860717]]: 7.834646437134194e-06
r = [[1.40829489 1.79335586 1.82028969]
 [0.12339003 0.84914712 1.51807456]
 [1.1070843  0.72810305 1.95078494]
 [1.61421901 1.33817694 1.33860717]]: 0.0001012725723350221
r = [[1.40829489 1.79335586 1.82028969]
 [0.12339003 0.84914712 1.51807456]
 [1.1070843  0.72810305 1.95078494]
 [1.61421901 1.33817694 1.33860717]]: 0.0001263914561734834
