r = [[0.06630641 1.12841096 0.63682344]
 [0.05904695 1.86493131 1.46122752]
 [0.40208814 1.61530728 0.43779037]
 [0.7930389  1.20695416 0.72399831]]: 0.00038262336758115064
r = [[0.06630641 1.12841096 0.63682344]
 [0.05904695 1.86493131 1.46122752]
 [0.40208814 1.61530728 0.43779037]
 [0.7930389  1.20695416 0.72399831]]: 4.265166288470417e-06
r = [[0.06630641 1.12841096 0.63682344]
 [0.05904695 1.86493131 1.46122752]
 [0.40208814 1.61530728 0.43779037]
 [0.7930389  1.20695416 0.72399831]]: 0.0001928008080410239
r = [[0.06630641 1.12841096 0.63682344]
 [0.05904695 1.86493131 1.46122752]
 [0.40208814 1.61530728 0.43779037]
 [0.7930389  1.20695416 0.72399831]]: 0.00016811863523409038
r = [[0.06630641 1.12841096 0.63682344]
 [0.05904695 1.86493131 1.46122752]
 [0.40208814 1.61530728 0.43779037]
 [0.7930389  1.20695416 0.72399831]]: 7.801139249100483e-05
r = [[0.06630641 1.12841096 0.63682344]
 [0.05904695 1.86493131 1.46122752]
 [0.40208814 1.61530728 0.43779037]
 [0.7930389  1.20695416 0.72399831]]: 0.00032815996850591285
r = [[0.06630641 1.12841096 0.63682344]
 [0.05904695 1.86493131 1.46122752]
 [0.40208814 1.61530728 0.43779037]
 [0.7930389  1.20695416 0.72399831]]: 5.872899432038789e-06
r = [[0.06630641 1.12841096 0.63682344]
 [0.05904695 1.86493131 1.46122752]
 [0.40208814 1.61530728 0.43779037]
 [0.7930389  1.20695416 0.72399831]]: 0.0012237275482870505
r = [[0.06630641 1.12841096 0.63682344]
 [0.05904695 1.86493131 1.46122752]
 [0.40208814 1.61530728 0.43779037]
 [0.7930389  1.20695416 0.72399831]]: 0.00017316311927321034
r = [[0.06630641 1.12841096 0.63682344]
 [0.05904695 1.86493131 1.46122752]
 [0.40208814 1.61530728 0.43779037]
 [0.7930389  1.20695416 0.72399831]]: 1.1318968453062033e-05
