r = [[1.28931561 1.57319273 1.3201135 ]
 [0.58484646 0.29667937 0.89400958]
 [1.76180718 1.77308767 1.8494373 ]
 [0.79535037 0.91835068 0.99776976]]: 1.3800164586947566e-05
r = [[1.28931561 1.57319273 1.3201135 ]
 [0.58484646 0.29667937 0.89400958]
 [1.76180718 1.77308767 1.8494373 ]
 [0.79535037 0.91835068 0.99776976]]: 6.531514749700104e-05
r = [[1.28931561 1.57319273 1.3201135 ]
 [0.58484646 0.29667937 0.89400958]
 [1.76180718 1.77308767 1.8494373 ]
 [0.79535037 0.91835068 0.99776976]]: 1.3542577010282133e-05
r = [[1.28931561 1.57319273 1.3201135 ]
 [0.58484646 0.29667937 0.89400958]
 [1.76180718 1.77308767 1.8494373 ]
 [0.79535037 0.91835068 0.99776976]]: 0.00020772875619253943
r = [[1.28931561 1.57319273 1.3201135 ]
 [0.58484646 0.29667937 0.89400958]
 [1.76180718 1.77308767 1.8494373 ]
 [0.79535037 0.91835068 0.99776976]]: 6.461017502650585e-05
r = [[1.28931561 1.57319273 1.3201135 ]
 [0.58484646 0.29667937 0.89400958]
 [1.76180718 1.77308767 1.8494373 ]
 [0.79535037 0.91835068 0.99776976]]: 0.00026902548987501565
r = [[1.28931561 1.57319273 1.3201135 ]
 [0.58484646 0.29667937 0.89400958]
 [1.76180718 1.77308767 1.8494373 ]
 [0.79535037 0.91835068 0.99776976]]: 9.071871967794973e-06
r = [[1.28931561 1.57319273 1.3201135 ]
 [0.58484646 0.29667937 0.89400958]
 [1.76180718 1.77308767 1.8494373 ]
 [0.79535037 0.91835068 0.99776976]]: 6.728980809254738e-06
r = [[1.28931561 1.57319273 1.3201135 ]
 [0.58484646 0.29667937 0.89400958]
 [1.76180718 1.77308767 1.8494373 ]
 [0.79535037 0.91835068 0.99776976]]: 4.809390676590348e-05
r = [[1.28931561 1.57319273 1.3201135 ]
 [0.58484646 0.29667937 0.89400958]
 [1.76180718 1.77308767 1.8494373 ]
 [0.79535037 0.91835068 0.99776976]]: 0.0007471520896485474
