r = [[1.40161556 0.1232961  0.7242222 ]
 [1.79710018 0.74100552 1.38889676]
 [1.35330228 1.89542932 0.91637521]
 [1.62719222 0.31805527 0.89700443]]: 0.0003024696530441621
r = [[1.40161556 0.1232961  0.7242222 ]
 [1.79710018 0.74100552 1.38889676]
 [1.35330228 1.89542932 0.91637521]
 [1.62719222 0.31805527 0.89700443]]: 0.0005290193491548832
r = [[1.40161556 0.1232961  0.7242222 ]
 [1.79710018 0.74100552 1.38889676]
 [1.35330228 1.89542932 0.91637521]
 [1.62719222 0.31805527 0.89700443]]: 0.0002138454567882166
r = [[1.40161556 0.1232961  0.7242222 ]
 [1.79710018 0.74100552 1.38889676]
 [1.35330228 1.89542932 0.91637521]
 [1.62719222 0.31805527 0.89700443]]: 2.4910761697226136e-05
r = [[1.40161556 0.1232961  0.7242222 ]
 [1.79710018 0.74100552 1.38889676]
 [1.35330228 1.89542932 0.91637521]
 [1.62719222 0.31805527 0.89700443]]: 3.6133046705799643e-06
r = [[1.40161556 0.1232961  0.7242222 ]
 [1.79710018 0.74100552 1.38889676]
 [1.35330228 1.89542932 0.91637521]
 [1.62719222 0.31805527 0.89700443]]: 4.1113672913135294e-06
r = [[1.40161556 0.1232961  0.7242222 ]
 [1.79710018 0.74100552 1.38889676]
 [1.35330228 1.89542932 0.91637521]
 [1.62719222 0.31805527 0.89700443]]: 0.0001597785230842419
r = [[1.40161556 0.1232961  0.7242222 ]
 [1.79710018 0.74100552 1.38889676]
 [1.35330228 1.89542932 0.91637521]
 [1.62719222 0.31805527 0.89700443]]: 1.0521576915120282e-06
r = [[1.40161556 0.1232961  0.7242222 ]
 [1.79710018 0.74100552 1.38889676]
 [1.35330228 1.89542932 0.91637521]
 [1.62719222 0.31805527 0.89700443]]: 3.917878504060874e-05
r = [[1.40161556 0.1232961  0.7242222 ]
 [1.79710018 0.74100552 1.38889676]
 [1.35330228 1.89542932 0.91637521]
 [1.62719222 0.31805527 0.89700443]]: 0.00035561053456539024
