r = [[0.48767091 1.41338827 1.42809395]
 [1.97160067 0.59074268 0.7347644 ]
 [1.2794529  0.52195483 0.59029369]
 [0.27098722 1.39384302 1.373201  ]]: 4.200941735429556e-06
r = [[0.48767091 1.41338827 1.42809395]
 [1.97160067 0.59074268 0.7347644 ]
 [1.2794529  0.52195483 0.59029369]
 [0.27098722 1.39384302 1.373201  ]]: 4.379223550391284e-06
r = [[0.48767091 1.41338827 1.42809395]
 [1.97160067 0.59074268 0.7347644 ]
 [1.2794529  0.52195483 0.59029369]
 [0.27098722 1.39384302 1.373201  ]]: 9.913752429773531e-07
r = [[0.48767091 1.41338827 1.42809395]
 [1.97160067 0.59074268 0.7347644 ]
 [1.2794529  0.52195483 0.59029369]
 [0.27098722 1.39384302 1.373201  ]]: 5.2854957110477176e-05
r = [[0.48767091 1.41338827 1.42809395]
 [1.97160067 0.59074268 0.7347644 ]
 [1.2794529  0.52195483 0.59029369]
 [0.27098722 1.39384302 1.373201  ]]: 8.908772360882722e-05
r = [[0.48767091 1.41338827 1.42809395]
 [1.97160067 0.59074268 0.7347644 ]
 [1.2794529  0.52195483 0.59029369]
 [0.27098722 1.39384302 1.373201  ]]: 6.002318306335448e-05
r = [[0.48767091 1.41338827 1.42809395]
 [1.97160067 0.59074268 0.7347644 ]
 [1.2794529  0.52195483 0.59029369]
 [0.27098722 1.39384302 1.373201  ]]: 0.00014557359983362922
r = [[0.48767091 1.41338827 1.42809395]
 [1.97160067 0.59074268 0.7347644 ]
 [1.2794529  0.52195483 0.59029369]
 [0.27098722 1.39384302 1.373201  ]]: 2.6003359770194427e-06
r = [[0.48767091 1.41338827 1.42809395]
 [1.97160067 0.59074268 0.7347644 ]
 [1.2794529  0.52195483 0.59029369]
 [0.27098722 1.39384302 1.373201  ]]: 0.00014508036006840745
r = [[0.48767091 1.41338827 1.42809395]
 [1.97160067 0.59074268 0.7347644 ]
 [1.2794529  0.52195483 0.59029369]
 [0.27098722 1.39384302 1.373201  ]]: 1.3660916855379973e-05
