r = [[-4.05572564  1.85341907  7.19516581]
 [-0.56221954  1.41582602  1.44372938]
 [13.81658453 -6.21229191  0.29036488]
 [ 1.0621744  -6.90877651 -5.24325538]]: 0.01839929140572037
r = [[-4.05572564  1.85341907  7.19516581]
 [-0.56221954  1.41582602  1.44372938]
 [13.81658453 -6.21229191  0.29036488]
 [ 1.0621744  -6.90877651 -5.24325538]]: 0.0010337594015124654
r = [[-4.05572564  1.85341907  7.19516581]
 [-0.56221954  1.41582602  1.44372938]
 [13.81658453 -6.21229191  0.29036488]
 [ 1.0621744  -6.90877651 -5.24325538]]: 0.0015444405726157129
r = [[-4.05572564  1.85341907  7.19516581]
 [-0.56221954  1.41582602  1.44372938]
 [13.81658453 -6.21229191  0.29036488]
 [ 1.0621744  -6.90877651 -5.24325538]]: 0.008790822782819825
r = [[-4.05572564  1.85341907  7.19516581]
 [-0.56221954  1.41582602  1.44372938]
 [13.81658453 -6.21229191  0.29036488]
 [ 1.0621744  -6.90877651 -5.24325538]]: 0.02792781305366329
r = [[-4.05572564  1.85341907  7.19516581]
 [-0.56221954  1.41582602  1.44372938]
 [13.81658453 -6.21229191  0.29036488]
 [ 1.0621744  -6.90877651 -5.24325538]]: 0.0005645396886393428
r = [[-4.05572564  1.85341907  7.19516581]
 [-0.56221954  1.41582602  1.44372938]
 [13.81658453 -6.21229191  0.29036488]
 [ 1.0621744  -6.90877651 -5.24325538]]: 0.005011492907734854
r = [[-4.05572564  1.85341907  7.19516581]
 [-0.56221954  1.41582602  1.44372938]
 [13.81658453 -6.21229191  0.29036488]
 [ 1.0621744  -6.90877651 -5.24325538]]: 0.009054242608336998
r = [[-4.05572564  1.85341907  7.19516581]
 [-0.56221954  1.41582602  1.44372938]
 [13.81658453 -6.21229191  0.29036488]
 [ 1.0621744  -6.90877651 -5.24325538]]: 0.0001772613509924018
r = [[-4.05572564  1.85341907  7.19516581]
 [-0.56221954  1.41582602  1.44372938]
 [13.81658453 -6.21229191  0.29036488]
 [ 1.0621744  -6.90877651 -5.24325538]]: 0.0003878486542297261
