r = [[ -0.35330748   5.40643734  -4.59315746]
 [  4.25448111  -5.1284971    6.52697875]
 [ -6.36671566   2.12873573   6.33545293]
 [ -4.37217025   4.47882322 -16.15700346]]: 0.002779637197298663
r = [[ -0.35330748   5.40643734  -4.59315746]
 [  4.25448111  -5.1284971    6.52697875]
 [ -6.36671566   2.12873573   6.33545293]
 [ -4.37217025   4.47882322 -16.15700346]]: 0.028685963712632656
r = [[ -0.35330748   5.40643734  -4.59315746]
 [  4.25448111  -5.1284971    6.52697875]
 [ -6.36671566   2.12873573   6.33545293]
 [ -4.37217025   4.47882322 -16.15700346]]: 0.04492132492097361
r = [[ -0.35330748   5.40643734  -4.59315746]
 [  4.25448111  -5.1284971    6.52697875]
 [ -6.36671566   2.12873573   6.33545293]
 [ -4.37217025   4.47882322 -16.15700346]]: 0.0003644443931989372
r = [[ -0.35330748   5.40643734  -4.59315746]
 [  4.25448111  -5.1284971    6.52697875]
 [ -6.36671566   2.12873573   6.33545293]
 [ -4.37217025   4.47882322 -16.15700346]]: 0.035196532628365924
r = [[ -0.35330748   5.40643734  -4.59315746]
 [  4.25448111  -5.1284971    6.52697875]
 [ -6.36671566   2.12873573   6.33545293]
 [ -4.37217025   4.47882322 -16.15700346]]: 0.004878608921509502
r = [[ -0.35330748   5.40643734  -4.59315746]
 [  4.25448111  -5.1284971    6.52697875]
 [ -6.36671566   2.12873573   6.33545293]
 [ -4.37217025   4.47882322 -16.15700346]]: 0.02061152271926403
r = [[ -0.35330748   5.40643734  -4.59315746]
 [  4.25448111  -5.1284971    6.52697875]
 [ -6.36671566   2.12873573   6.33545293]
 [ -4.37217025   4.47882322 -16.15700346]]: 0.0013445160085601465
r = [[ -0.35330748   5.40643734  -4.59315746]
 [  4.25448111  -5.1284971    6.52697875]
 [ -6.36671566   2.12873573   6.33545293]
 [ -4.37217025   4.47882322 -16.15700346]]: 0.2844476170305695
r = [[ -0.35330748   5.40643734  -4.59315746]
 [  4.25448111  -5.1284971    6.52697875]
 [ -6.36671566   2.12873573   6.33545293]
 [ -4.37217025   4.47882322 -16.15700346]]: 0.001527764817832836
