r = [[1.3363386  0.78550624 0.28770972]
 [1.15452109 1.23556205 1.63566516]
 [1.76398996 0.98628722 0.25649664]
 [0.60994284 1.08029843 0.62100039]]: 0.0004916272311155419
r = [[1.3363386  0.78550624 0.28770972]
 [1.15452109 1.23556205 1.63566516]
 [1.76398996 0.98628722 0.25649664]
 [0.60994284 1.08029843 0.62100039]]: 0.00022668488704117147
r = [[1.3363386  0.78550624 0.28770972]
 [1.15452109 1.23556205 1.63566516]
 [1.76398996 0.98628722 0.25649664]
 [0.60994284 1.08029843 0.62100039]]: 5.533166131499456e-06
r = [[1.3363386  0.78550624 0.28770972]
 [1.15452109 1.23556205 1.63566516]
 [1.76398996 0.98628722 0.25649664]
 [0.60994284 1.08029843 0.62100039]]: 1.1669611532332575e-05
r = [[1.3363386  0.78550624 0.28770972]
 [1.15452109 1.23556205 1.63566516]
 [1.76398996 0.98628722 0.25649664]
 [0.60994284 1.08029843 0.62100039]]: 8.000520600554799e-05
r = [[1.3363386  0.78550624 0.28770972]
 [1.15452109 1.23556205 1.63566516]
 [1.76398996 0.98628722 0.25649664]
 [0.60994284 1.08029843 0.62100039]]: 0.00042157763060198965
r = [[1.3363386  0.78550624 0.28770972]
 [1.15452109 1.23556205 1.63566516]
 [1.76398996 0.98628722 0.25649664]
 [0.60994284 1.08029843 0.62100039]]: 0.00034727228454097973
r = [[1.3363386  0.78550624 0.28770972]
 [1.15452109 1.23556205 1.63566516]
 [1.76398996 0.98628722 0.25649664]
 [0.60994284 1.08029843 0.62100039]]: 2.04136329427586e-06
r = [[1.3363386  0.78550624 0.28770972]
 [1.15452109 1.23556205 1.63566516]
 [1.76398996 0.98628722 0.25649664]
 [0.60994284 1.08029843 0.62100039]]: 0.0004690982366030637
r = [[1.3363386  0.78550624 0.28770972]
 [1.15452109 1.23556205 1.63566516]
 [1.76398996 0.98628722 0.25649664]
 [0.60994284 1.08029843 0.62100039]]: 0.0008689428484233629
