r = [[  7.04020484   1.77554589  -2.00146255]
 [ -8.31261972   3.28357012   9.55859471]
 [  6.74375777 -12.06703258 -14.97497779]
 [  4.10325287  11.31325678 -15.03395694]]: 0.0003344100176556302
r = [[  7.04020484   1.77554589  -2.00146255]
 [ -8.31261972   3.28357012   9.55859471]
 [  6.74375777 -12.06703258 -14.97497779]
 [  4.10325287  11.31325678 -15.03395694]]: 0.008197223784268967
r = [[  7.04020484   1.77554589  -2.00146255]
 [ -8.31261972   3.28357012   9.55859471]
 [  6.74375777 -12.06703258 -14.97497779]
 [  4.10325287  11.31325678 -15.03395694]]: 0.04160372480483992
r = [[  7.04020484   1.77554589  -2.00146255]
 [ -8.31261972   3.28357012   9.55859471]
 [  6.74375777 -12.06703258 -14.97497779]
 [  4.10325287  11.31325678 -15.03395694]]: 0.0015929863854710544
r = [[  7.04020484   1.77554589  -2.00146255]
 [ -8.31261972   3.28357012   9.55859471]
 [  6.74375777 -12.06703258 -14.97497779]
 [  4.10325287  11.31325678 -15.03395694]]: 0.015514778039817299
r = [[  7.04020484   1.77554589  -2.00146255]
 [ -8.31261972   3.28357012   9.55859471]
 [  6.74375777 -12.06703258 -14.97497779]
 [  4.10325287  11.31325678 -15.03395694]]: 0.0006674299490571554
r = [[  7.04020484   1.77554589  -2.00146255]
 [ -8.31261972   3.28357012   9.55859471]
 [  6.74375777 -12.06703258 -14.97497779]
 [  4.10325287  11.31325678 -15.03395694]]: 0.029190748730408295
r = [[  7.04020484   1.77554589  -2.00146255]
 [ -8.31261972   3.28357012   9.55859471]
 [  6.74375777 -12.06703258 -14.97497779]
 [  4.10325287  11.31325678 -15.03395694]]: 0.001798352925106883
r = [[  7.04020484   1.77554589  -2.00146255]
 [ -8.31261972   3.28357012   9.55859471]
 [  6.74375777 -12.06703258 -14.97497779]
 [  4.10325287  11.31325678 -15.03395694]]: 0.0006351257408303874
r = [[  7.04020484   1.77554589  -2.00146255]
 [ -8.31261972   3.28357012   9.55859471]
 [  6.74375777 -12.06703258 -14.97497779]
 [  4.10325287  11.31325678 -15.03395694]]: 0.011501427773120148
