r = [[1.90387733 1.49326749 1.89413516]
 [1.94133099 1.12636711 0.96398072]
 [1.19834235 0.67431965 0.73088162]
 [1.12988812 0.91063127 0.63632305]]: 1.6608633684102513e-05
r = [[1.90387733 1.49326749 1.89413516]
 [1.94133099 1.12636711 0.96398072]
 [1.19834235 0.67431965 0.73088162]
 [1.12988812 0.91063127 0.63632305]]: 1.9597735704987178e-05
r = [[1.90387733 1.49326749 1.89413516]
 [1.94133099 1.12636711 0.96398072]
 [1.19834235 0.67431965 0.73088162]
 [1.12988812 0.91063127 0.63632305]]: 0.0001787463297659997
r = [[1.90387733 1.49326749 1.89413516]
 [1.94133099 1.12636711 0.96398072]
 [1.19834235 0.67431965 0.73088162]
 [1.12988812 0.91063127 0.63632305]]: 1.5579958017042372e-05
r = [[1.90387733 1.49326749 1.89413516]
 [1.94133099 1.12636711 0.96398072]
 [1.19834235 0.67431965 0.73088162]
 [1.12988812 0.91063127 0.63632305]]: 3.2928911033585404e-05
r = [[1.90387733 1.49326749 1.89413516]
 [1.94133099 1.12636711 0.96398072]
 [1.19834235 0.67431965 0.73088162]
 [1.12988812 0.91063127 0.63632305]]: 5.485950152563289e-06
r = [[1.90387733 1.49326749 1.89413516]
 [1.94133099 1.12636711 0.96398072]
 [1.19834235 0.67431965 0.73088162]
 [1.12988812 0.91063127 0.63632305]]: 0.0001623448328505869
r = [[1.90387733 1.49326749 1.89413516]
 [1.94133099 1.12636711 0.96398072]
 [1.19834235 0.67431965 0.73088162]
 [1.12988812 0.91063127 0.63632305]]: 7.092586656654021e-06
r = [[1.90387733 1.49326749 1.89413516]
 [1.94133099 1.12636711 0.96398072]
 [1.19834235 0.67431965 0.73088162]
 [1.12988812 0.91063127 0.63632305]]: 8.593425757551034e-05
r = [[1.90387733 1.49326749 1.89413516]
 [1.94133099 1.12636711 0.96398072]
 [1.19834235 0.67431965 0.73088162]
 [1.12988812 0.91063127 0.63632305]]: 0.0002788914508918034
