r = [[ 0.77767997 -2.4210469   3.20199932]
 [-2.08413833  2.48989443 -8.71714654]
 [-3.19262933  4.25428983 -0.56583128]
 [ 3.5417308  -0.04074065 -0.51282484]]: 0.0036702406110375057
r = [[ 0.77767997 -2.4210469   3.20199932]
 [-2.08413833  2.48989443 -8.71714654]
 [-3.19262933  4.25428983 -0.56583128]
 [ 3.5417308  -0.04074065 -0.51282484]]: 0.009506755308913333
r = [[ 0.77767997 -2.4210469   3.20199932]
 [-2.08413833  2.48989443 -8.71714654]
 [-3.19262933  4.25428983 -0.56583128]
 [ 3.5417308  -0.04074065 -0.51282484]]: 0.004827390208707324
r = [[ 0.77767997 -2.4210469   3.20199932]
 [-2.08413833  2.48989443 -8.71714654]
 [-3.19262933  4.25428983 -0.56583128]
 [ 3.5417308  -0.04074065 -0.51282484]]: 0.019391835068485568
r = [[ 0.77767997 -2.4210469   3.20199932]
 [-2.08413833  2.48989443 -8.71714654]
 [-3.19262933  4.25428983 -0.56583128]
 [ 3.5417308  -0.04074065 -0.51282484]]: 0.0026148566643574406
r = [[ 0.77767997 -2.4210469   3.20199932]
 [-2.08413833  2.48989443 -8.71714654]
 [-3.19262933  4.25428983 -0.56583128]
 [ 3.5417308  -0.04074065 -0.51282484]]: 0.00013262567621755546
r = [[ 0.77767997 -2.4210469   3.20199932]
 [-2.08413833  2.48989443 -8.71714654]
 [-3.19262933  4.25428983 -0.56583128]
 [ 3.5417308  -0.04074065 -0.51282484]]: 0.0005773220057432939
r = [[ 0.77767997 -2.4210469   3.20199932]
 [-2.08413833  2.48989443 -8.71714654]
 [-3.19262933  4.25428983 -0.56583128]
 [ 3.5417308  -0.04074065 -0.51282484]]: 0.0013831524660677782
r = [[ 0.77767997 -2.4210469   3.20199932]
 [-2.08413833  2.48989443 -8.71714654]
 [-3.19262933  4.25428983 -0.56583128]
 [ 3.5417308  -0.04074065 -0.51282484]]: 0.002954915298947266
r = [[ 0.77767997 -2.4210469   3.20199932]
 [-2.08413833  2.48989443 -8.71714654]
 [-3.19262933  4.25428983 -0.56583128]
 [ 3.5417308  -0.04074065 -0.51282484]]: 0.0011622446971679373
