r = [[-3.18456733 -0.65116157 -8.83487063]
 [-6.38473201 -1.60164239  4.59261722]
 [ 2.96190236 -4.01873681 -1.43642736]
 [ 7.64616348 -6.54455979 -2.64574121]]: 0.08170101565441915
r = [[-3.18456733 -0.65116157 -8.83487063]
 [-6.38473201 -1.60164239  4.59261722]
 [ 2.96190236 -4.01873681 -1.43642736]
 [ 7.64616348 -6.54455979 -2.64574121]]: 0.00024161416617321914
r = [[-3.18456733 -0.65116157 -8.83487063]
 [-6.38473201 -1.60164239  4.59261722]
 [ 2.96190236 -4.01873681 -1.43642736]
 [ 7.64616348 -6.54455979 -2.64574121]]: 0.0002072006942138874
r = [[-3.18456733 -0.65116157 -8.83487063]
 [-6.38473201 -1.60164239  4.59261722]
 [ 2.96190236 -4.01873681 -1.43642736]
 [ 7.64616348 -6.54455979 -2.64574121]]: 0.09102712265614953
r = [[-3.18456733 -0.65116157 -8.83487063]
 [-6.38473201 -1.60164239  4.59261722]
 [ 2.96190236 -4.01873681 -1.43642736]
 [ 7.64616348 -6.54455979 -2.64574121]]: 0.053198866047231216
r = [[-3.18456733 -0.65116157 -8.83487063]
 [-6.38473201 -1.60164239  4.59261722]
 [ 2.96190236 -4.01873681 -1.43642736]
 [ 7.64616348 -6.54455979 -2.64574121]]: 0.0663893764306392
r = [[-3.18456733 -0.65116157 -8.83487063]
 [-6.38473201 -1.60164239  4.59261722]
 [ 2.96190236 -4.01873681 -1.43642736]
 [ 7.64616348 -6.54455979 -2.64574121]]: 0.03747520389567528
r = [[-3.18456733 -0.65116157 -8.83487063]
 [-6.38473201 -1.60164239  4.59261722]
 [ 2.96190236 -4.01873681 -1.43642736]
 [ 7.64616348 -6.54455979 -2.64574121]]: 0.003329251809710903
r = [[-3.18456733 -0.65116157 -8.83487063]
 [-6.38473201 -1.60164239  4.59261722]
 [ 2.96190236 -4.01873681 -1.43642736]
 [ 7.64616348 -6.54455979 -2.64574121]]: 0.021636864303478172
r = [[-3.18456733 -0.65116157 -8.83487063]
 [-6.38473201 -1.60164239  4.59261722]
 [ 2.96190236 -4.01873681 -1.43642736]
 [ 7.64616348 -6.54455979 -2.64574121]]: 0.009683057798870973
