r = [[1.91712929 0.45756628 0.30018498]
 [0.99997903 1.9887285  0.08079507]
 [1.35314568 0.49386373 0.7104733 ]
 [0.82745162 1.38776211 0.25335376]]: 4.932993189348573e-05
r = [[1.91712929 0.45756628 0.30018498]
 [0.99997903 1.9887285  0.08079507]
 [1.35314568 0.49386373 0.7104733 ]
 [0.82745162 1.38776211 0.25335376]]: 0.0002355739738309889
r = [[1.91712929 0.45756628 0.30018498]
 [0.99997903 1.9887285  0.08079507]
 [1.35314568 0.49386373 0.7104733 ]
 [0.82745162 1.38776211 0.25335376]]: 0.0004748575749025414
r = [[1.91712929 0.45756628 0.30018498]
 [0.99997903 1.9887285  0.08079507]
 [1.35314568 0.49386373 0.7104733 ]
 [0.82745162 1.38776211 0.25335376]]: 5.227905213749702e-06
r = [[1.91712929 0.45756628 0.30018498]
 [0.99997903 1.9887285  0.08079507]
 [1.35314568 0.49386373 0.7104733 ]
 [0.82745162 1.38776211 0.25335376]]: 1.8646980476790175e-05
r = [[1.91712929 0.45756628 0.30018498]
 [0.99997903 1.9887285  0.08079507]
 [1.35314568 0.49386373 0.7104733 ]
 [0.82745162 1.38776211 0.25335376]]: 0.0013285973564052256
r = [[1.91712929 0.45756628 0.30018498]
 [0.99997903 1.9887285  0.08079507]
 [1.35314568 0.49386373 0.7104733 ]
 [0.82745162 1.38776211 0.25335376]]: 2.0859300613145543e-05
r = [[1.91712929 0.45756628 0.30018498]
 [0.99997903 1.9887285  0.08079507]
 [1.35314568 0.49386373 0.7104733 ]
 [0.82745162 1.38776211 0.25335376]]: 0.00025147851764424037
r = [[1.91712929 0.45756628 0.30018498]
 [0.99997903 1.9887285  0.08079507]
 [1.35314568 0.49386373 0.7104733 ]
 [0.82745162 1.38776211 0.25335376]]: 0.001643157932059174
r = [[1.91712929 0.45756628 0.30018498]
 [0.99997903 1.9887285  0.08079507]
 [1.35314568 0.49386373 0.7104733 ]
 [0.82745162 1.38776211 0.25335376]]: 0.00012437025881289237
